WAVELENGTH	NORM_INTENSITY
320.1481763	1.15E-05
320.256863	1.13E-05
320.3655559	1.00E-05
320.474255	8.94E-06
320.5829603	8.34E-06
320.6916719	7.95E-06
320.8003897	8.79E-06
320.9091138	8.05E-06
321.0178441	8.47E-06
321.1265806	7.95E-06
321.2353233	8.64E-06
321.3440723	8.05E-06
321.4528275	7.70E-06
321.5615889	7.91E-06
321.6703565	8.58E-06
321.7791304	9.15E-06
321.8879104	9.34E-06
321.9966967	9.31E-06
322.1054892	9.15E-06
322.2142879	9.62E-06
322.3230929	1.04E-05
322.431904	1.10E-05
322.5407213	1.03E-05
322.6495449	9.58E-06
322.7583746	8.94E-06
322.8672106	7.80E-06
322.9760527	6.97E-06
323.0849011	5.68E-06
323.1937556	6.03E-06
323.3026164	6.73E-06
323.4114833	7.15E-06
323.5203565	7.25E-06
323.6292358	8.13E-06
323.7381213	7.80E-06
323.8470131	7.20E-06
323.955911	6.62E-06
324.0648151	7.56E-06
324.1737253	8.19E-06
324.2826418	8.71E-06
324.3915644	9.10E-06
324.5004933	9.58E-06
324.6094283	9.34E-06
324.7183694	7.93E-06
324.8273168	7.90E-06
324.9362703	7.40E-06
325.04523	8.99E-06
325.1541959	8.14E-06
325.2631679	9.23E-06
325.3721461	9.26E-06
325.4811305	9.83E-06
325.5901211	8.62E-06
325.6991178	7.09E-06
325.8081206	5.73E-06
325.9171296	5.38E-06
326.0261448	5.52E-06
326.1351662	6.88E-06
326.2441937	7.30E-06
326.3532273	9.46E-06
326.4622671	9.81E-06
326.5713131	1.12E-05
326.6803652	9.42E-06
326.7894234	9.72E-06
326.8984878	7.56E-06
327.0075584	7.95E-06
327.1166351	7.83E-06
327.2257179	8.78E-06
327.3348069	8.11E-06
327.443902	8.32E-06
327.5530032	8.17E-06
327.6621106	8.68E-06
327.7712241	8.11E-06
327.8803438	8.22E-06
327.9894696	8.32E-06
328.0986015	8.42E-06
328.2077395	8.32E-06
328.3168837	8.37E-06
328.426034	8.84E-06
328.5351904	9.33E-06
328.6443529	9.25E-06
328.7535216	9.21E-06
328.8626963	9.62E-06
328.9718772	1.01E-05
329.0810642	9.99E-06
329.1902574	8.70E-06
329.2994566	8.05E-06
329.4086619	8.19E-06
329.5178734	8.24E-06
329.6270909	8.60E-06
329.7363146	7.91E-06
329.8455444	8.89E-06
329.9547803	7.38E-06
330.0640222	7.62E-06
330.1732703	7.01E-06
330.2825245	7.52E-06
330.3917848	7.17E-06
330.5010511	7.91E-06
330.6103236	8.22E-06
330.7196021	9.70E-06
330.8288868	1.02E-05
330.9381775	1.13E-05
331.0474743	1.05E-05
331.1567773	9.97E-06
331.2660862	9.05E-06
331.3754013	9.21E-06
331.4847225	8.45E-06
331.5940497	8.89E-06
331.703383	6.93E-06
331.8127224	7.59E-06
331.9220679	7.17E-06
332.0314194	8.58E-06
332.1407771	7.50E-06
332.2501408	7.80E-06
332.3595105	7.11E-06
332.4688863	8.62E-06
332.5782682	8.56E-06
332.6876562	9.23E-06
332.7970502	8.21E-06
332.9064503	8.32E-06
333.0158564	8.45E-06
333.1252686	8.47E-06
333.2346869	8.99E-06
333.3441112	9.05E-06
333.4535416	8.89E-06
333.562978	9.26E-06
333.6724204	8.76E-06
333.781869	1.01E-05
333.8913235	9.34E-06
334.0007841	9.23E-06
334.1102508	7.87E-06
334.2197235	8.21E-06
334.3292022	7.99E-06
334.438687	7.67E-06
334.5481778	7.27E-06
334.6576747	7.83E-06
334.7671776	8.32E-06
334.8766865	8.05E-06
334.9862015	7.05E-06
335.0957225	6.83E-06
335.2052495	7.66E-06
335.3147825	8.64E-06
335.4243216	8.06E-06
335.5338667	8.21E-06
335.6434178	8.19E-06
335.752975	8.71E-06
335.8625381	7.20E-06
335.9721073	7.91E-06
336.0816825	7.70E-06
336.1912637	7.87E-06
336.3008509	7.12E-06
336.4104442	8.03E-06
336.5200434	8.38E-06
336.6296487	9.05E-06
336.7392599	7.93E-06
336.8488772	7.19E-06
336.9585005	7.03E-06
337.0681298	7.82E-06
337.1777651	8.14E-06
337.2874063	8.56E-06
337.3970536	8.34E-06
337.5067069	9.10E-06
337.6163662	8.70E-06
337.7260314	8.39E-06
337.8357027	8.84E-06
337.9453799	9.86E-06
338.0550632	1.10E-05
338.1647524	9.78E-06
338.2744476	7.95E-06
338.3841488	8.86E-06
338.493856	9.10E-06
338.6035691	9.52E-06
338.7132883	7.28E-06
338.8230134	8.55E-06
338.9327445	8.62E-06
339.0424816	9.91E-06
339.1522246	8.66E-06
339.2619736	8.86E-06
339.3717286	8.94E-06
339.4814896	9.54E-06
339.5912565	8.42E-06
339.7010294	8.68E-06
339.8108082	8.79E-06
339.9205931	1.01E-05
340.0303838	8.89E-06
340.1401806	9.31E-06
340.2499833	8.34E-06
340.3597919	8.87E-06
340.4696065	7.91E-06
340.5794271	7.59E-06
340.6892536	7.44E-06
340.7990861	8.50E-06
340.9089245	8.89E-06
341.0187689	9.03E-06
341.1286192	8.27E-06
341.2384754	8.99E-06
341.3483376	8.56E-06
341.4582057	9.15E-06
341.5680798	8.62E-06
341.6779598	8.74E-06
341.7878458	8.50E-06
341.8977377	8.97E-06
342.0076355	9.05E-06
342.1175392	8.29E-06
342.2274489	7.91E-06
342.3373645	7.91E-06
342.4472861	8.38E-06
342.5572135	7.85E-06
342.6671469	7.77E-06
342.7770862	7.75E-06
342.8870315	9.23E-06
342.9969826	9.50E-06
343.1069397	9.31E-06
343.2169027	8.22E-06
343.3268716	8.45E-06
343.4368464	8.62E-06
343.5468271	8.27E-06
343.6568138	8.60E-06
343.7668063	8.29E-06
343.8768048	8.87E-06
343.9868091	8.17E-06
344.0968194	9.02E-06
344.2068356	9.52E-06
344.3168576	9.03E-06
344.4268856	8.21E-06
344.5369195	8.78E-06
344.6469592	8.82E-06
344.7570049	9.72E-06
344.8670565	8.97E-06
344.9771139	9.07E-06
345.0871772	8.13E-06
345.1972465	7.38E-06
345.3073216	6.86E-06
345.4174026	6.81E-06
345.5274894	7.40E-06
345.6375822	8.86E-06
345.7476809	9.18E-06
345.8577854	9.23E-06
345.9678958	7.91E-06
346.0780121	7.30E-06
346.1881342	6.62E-06
346.2982622	8.24E-06
346.4083961	8.42E-06
346.5185359	9.58E-06
346.6286816	8.47E-06
346.7388331	8.94E-06
346.8489904	7.95E-06
346.9591537	8.21E-06
347.0693228	7.64E-06
347.1794977	7.98E-06
347.2896786	7.74E-06
347.3998652	8.78E-06
347.5100578	8.70E-06
347.6202562	9.58E-06
347.7304604	8.87E-06
347.8406705	8.71E-06
347.9508864	8.30E-06
348.0611082	1.01E-05
348.1713359	1.06E-05
348.2815694	1.06E-05
348.3918087	8.89E-06
348.5020539	8.56E-06
348.6123049	8.19E-06
348.7225617	8.58E-06
348.8328244	9.10E-06
348.943093	8.29E-06
349.0533673	7.38E-06
349.1636475	6.96E-06
349.2739335	7.67E-06
349.3842254	8.14E-06
349.4945231	8.19E-06
349.6048266	8.70E-06
349.7151359	8.32E-06
349.8254511	8.45E-06
349.9357721	7.83E-06
350.0460989	8.89E-06
350.1564315	8.70E-06
350.26677	9.21E-06
350.3771142	8.64E-06
350.4874643	8.70E-06
350.5978202	7.93E-06
350.7081819	8.30E-06
350.8185494	8.58E-06
350.9289227	8.58E-06
351.0393019	8.05E-06
351.1496868	7.99E-06
351.2600775	8.52E-06
351.3704741	9.23E-06
351.4808764	9.21E-06
351.5912846	8.71E-06
351.7016985	7.03E-06
351.8121182	6.93E-06
351.9225438	7.59E-06
352.0329751	8.74E-06
352.1434122	9.76E-06
352.2538551	9.57E-06
352.3643038	9.39E-06
352.4747583	9.49E-06
352.5852186	9.41E-06
352.6956846	9.41E-06
352.8061564	8.64E-06
352.9166341	8.76E-06
353.0271175	8.27E-06
353.1376066	7.90E-06
353.2481016	7.33E-06
353.3586023	7.20E-06
353.4691088	8.03E-06
353.5796211	9.50E-06
353.6901391	1.08E-05
353.8006629	9.68E-06
353.9111925	7.87E-06
354.0217278	7.25E-06
354.1322689	7.83E-06
354.2428158	8.84E-06
354.3533684	8.34E-06
354.4639268	7.48E-06
354.5744909	7.64E-06
354.6850608	8.32E-06
354.7956365	8.89E-06
354.9062179	8.48E-06
355.0168051	8.55E-06
355.127398	8.95E-06
355.2379966	9.25E-06
355.348601	9.17E-06
355.4592112	8.55E-06
355.5698271	8.68E-06
355.6804487	8.24E-06
355.7910761	8.27E-06
355.9017092	8.40E-06
356.0123481	9.57E-06
356.1229926	9.73E-06
356.233643	9.80E-06
356.344299	8.74E-06
356.4549608	9.91E-06
356.5656283	8.95E-06
356.6763016	9.50E-06
356.7869806	8.32E-06
356.8976653	8.32E-06
357.0083557	7.67E-06
357.1190518	8.03E-06
357.2297537	7.74E-06
357.3404613	7.98E-06
357.4511746	7.83E-06
357.5618936	8.79E-06
357.6726184	8.50E-06
357.7833488	7.30E-06
357.894085	7.35E-06
358.0048268	7.99E-06
358.1155744	8.78E-06
358.2263277	7.99E-06
358.3370867	8.06E-06
358.4478514	9.39E-06
358.5586218	1.07E-05
358.6693979	1.02E-05
358.7801797	9.29E-06
358.8909672	8.84E-06
359.0017604	9.78E-06
359.1125592	9.29E-06
359.2233638	8.60E-06
359.3341741	9.05E-06
359.44499	9.23E-06
359.5558117	9.49E-06
359.666639	7.80E-06
359.777472	8.29E-06
359.8883108	8.05E-06
359.9991551	8.94E-06
360.1100052	9.76E-06
360.2208609	1.12E-05
360.3317224	1.13E-05
360.4425895	1.01E-05
360.5534622	8.87E-06
360.6643407	8.27E-06
360.7752248	8.27E-06
360.8861146	9.17E-06
360.9970101	9.03E-06
361.1079112	9.54E-06
361.218818	9.21E-06
361.3297304	9.50E-06
361.4406485	9.52E-06
361.5515723	9.41E-06
361.6625017	1.02E-05
361.7734368	1.03E-05
361.8843776	9.94E-06
361.995324	8.82E-06
362.106276	8.17E-06
362.2172337	8.64E-06
362.3281971	8.97E-06
362.4391661	9.57E-06
362.5501408	9.18E-06
362.6611211	9.31E-06
362.772107	7.75E-06
362.8830986	7.82E-06
362.9940958	7.59E-06
363.1050987	9.21E-06
363.2161072	9.73E-06
363.3271213	9.62E-06
363.4381411	9.31E-06
363.5491665	8.87E-06
363.6601975	8.01E-06
363.7712342	7.20E-06
363.8822765	7.72E-06
363.9933244	9.26E-06
364.1043779	9.26E-06
364.2154371	8.45E-06
364.3265019	7.52E-06
364.4375723	8.29E-06
364.5486483	8.66E-06
364.65973	8.52E-06
364.7708172	7.93E-06
364.8819101	8.21E-06
364.9930086	7.56E-06
365.1041127	7.07E-06
365.2152224	6.36E-06
365.3263377	8.27E-06
365.4374587	8.89E-06
365.5485852	9.07E-06
365.6597173	8.19E-06
365.7708551	8.74E-06
365.8819984	8.48E-06
365.9931473	8.27E-06
366.1043019	7.52E-06
366.215462	7.38E-06
366.3266277	7.64E-06
366.437799	7.70E-06
366.5489759	7.75E-06
366.6601584	8.30E-06
366.7713465	8.52E-06
366.8825402	8.89E-06
366.9937395	7.75E-06
367.1049443	8.74E-06
367.2161547	7.98E-06
367.3273707	9.25E-06
367.4385923	8.11E-06
367.5498195	9.02E-06
367.6610522	9.23E-06
367.7722905	9.42E-06
367.8835344	9.11E-06
367.9947838	8.45E-06
368.1060389	8.21E-06
368.2172995	8.19E-06
368.3285656	7.20E-06
368.4398373	7.40E-06
368.5511146	6.88E-06
368.6623975	7.80E-06
368.7736859	6.97E-06
368.8849798	7.54E-06
368.9962794	7.40E-06
369.1075844	8.55E-06
369.2188951	8.24E-06
369.3302113	8.52E-06
369.441533	8.29E-06
369.5528603	9.94E-06
369.6641931	9.58E-06
369.7755315	9.29E-06
369.8868754	8.38E-06
369.9982249	8.45E-06
370.1095799	8.78E-06
370.2209405	8.95E-06
370.3323066	8.27E-06
370.4436782	7.12E-06
370.5550554	7.15E-06
370.6664381	7.83E-06
370.7778263	9.10E-06
370.8892201	9.26E-06
371.0006193	9.23E-06
371.1120242	8.70E-06
371.2234345	7.85E-06
371.3348504	8.09E-06
371.4462718	8.87E-06
371.5576987	9.62E-06
371.6691311	1.00E-05
371.7805691	1.08E-05
371.8920126	1.05E-05
372.0034616	8.99E-06
372.1149161	7.70E-06
372.2263761	6.97E-06
372.3378416	7.25E-06
372.4493126	7.75E-06
372.5607892	8.39E-06
372.6722712	9.23E-06
372.7837588	8.74E-06
372.8952518	8.70E-06
373.0067504	7.99E-06
373.1182545	7.58E-06
373.229764	7.52E-06
373.3412791	8.56E-06
373.4527996	9.89E-06
373.5643257	9.68E-06
373.6758572	9.10E-06
373.7873942	7.03E-06
373.8989368	6.71E-06
374.0104848	6.93E-06
374.1220383	8.38E-06
374.2335972	8.87E-06
374.3451617	9.68E-06
374.4567316	9.66E-06
374.5683071	1.03E-05
374.679888	1.01E-05
374.7914743	9.96E-06
374.9030662	9.05E-06
375.0146635	8.97E-06
375.1262663	8.94E-06
375.2378746	8.42E-06
375.3494883	7.75E-06
375.4611075	8.34E-06
375.5727322	9.10E-06
375.6843624	9.33E-06
375.795998	8.47E-06
375.907639	7.83E-06
376.0192856	7.05E-06
376.1309375	7.17E-06
376.242595	7.03E-06
376.3542579	8.01E-06
376.4659262	9.11E-06
376.5776	1.04E-05
376.6892793	1.14E-05
376.800964	1.07E-05
376.9126541	1.04E-05
377.0243497	9.39E-06
377.1360508	9.83E-06
377.2477573	9.49E-06
377.3594692	9.41E-06
377.4711865	8.79E-06
377.5829094	8.50E-06
377.6946376	8.06E-06
377.8063713	9.11E-06
377.9181104	9.57E-06
378.0298549	9.64E-06
378.1416049	8.30E-06
378.2533603	9.05E-06
378.3651211	8.27E-06
378.4768874	9.58E-06
378.5886591	8.64E-06
378.7004362	9.07E-06
378.8122187	8.71E-06
378.9240067	9.41E-06
379.0358	9.70E-06
379.1475988	8.99E-06
379.259403	8.32E-06
379.3712126	8.68E-06
379.4830276	8.79E-06
379.5948481	8.71E-06
379.7066739	8.34E-06
379.8185052	8.48E-06
379.9303418	9.44E-06
380.0421839	9.86E-06
380.1540314	9.46E-06
380.2658842	8.60E-06
380.3777425	7.56E-06
380.4896062	7.74E-06
380.6014752	7.43E-06
380.7133497	8.64E-06
380.8252295	7.99E-06
380.9371148	8.34E-06
381.0490054	7.67E-06
381.1609014	7.11E-06
381.2728028	6.86E-06
381.3847096	7.19E-06
381.4966218	8.29E-06
381.6085394	9.07E-06
381.7204623	8.37E-06
381.8323907	8.58E-06
381.9443244	8.19E-06
382.0562634	9.42E-06
382.1682079	9.23E-06
382.2801577	1.02E-05
382.3921129	1.01E-05
382.5040735	1.01E-05
382.6160394	9.05E-06
382.7280108	9.29E-06
382.8399874	8.64E-06
382.9519695	8.94E-06
383.0639569	8.37E-06
383.1759496	9.29E-06
383.2879478	8.64E-06
383.3999513	8.87E-06
383.5119601	8.60E-06
383.6239743	9.10E-06
383.7359938	8.64E-06
383.8480187	9.41E-06
383.960049	9.80E-06
384.0720846	9.26E-06
384.1841255	7.99E-06
384.2961718	6.80E-06
384.4082235	6.97E-06
384.5202805	8.13E-06
384.6323428	8.29E-06
384.7444104	8.40E-06
384.8564835	8.37E-06
384.9685618	7.93E-06
385.0806455	8.09E-06
385.1927345	7.93E-06
385.3048288	9.57E-06
385.4169285	8.64E-06
385.5290335	8.06E-06
385.6411438	7.38E-06
385.7532595	9.49E-06
385.8653804	1.00E-05
385.9775067	1.01E-05
386.0896384	9.80E-06
386.2017753	9.97E-06
386.3139176	1.01E-05
386.4260651	9.68E-06
386.538218	9.11E-06
386.6503762	8.38E-06
386.7625397	6.99E-06
386.8747086	7.07E-06
386.9868827	6.96E-06
387.0990622	8.64E-06
387.2112469	9.17E-06
387.323437	1.03E-05
387.4356323	1.05E-05
387.547833	9.34E-06
387.6600389	9.80E-06
387.7722502	8.47E-06
387.8844667	8.92E-06
387.9966886	7.56E-06
388.1089157	8.66E-06
388.2211482	8.13E-06
388.3333859	9.29E-06
388.4456289	9.29E-06
388.5578772	9.21E-06
388.6701308	7.98E-06
388.7823897	7.44E-06
388.8946538	7.91E-06
389.0069232	8.92E-06
389.119198	8.56E-06
389.2314779	8.29E-06
389.3437632	7.83E-06
389.4560538	9.05E-06
389.5683496	1.01E-05
389.6806507	1.01E-05
389.792957	8.58E-06
389.9052687	8.52E-06
390.0175855	8.66E-06
390.1299077	9.17E-06
390.2422351	8.47E-06
390.3545678	8.52E-06
390.4669058	9.18E-06
390.579249	9.21E-06
390.6915975	8.03E-06
390.8039512	7.59E-06
390.9163102	8.30E-06
391.0286744	9.25E-06
391.1410439	9.46E-06
391.2534186	7.80E-06
391.3657986	7.62E-06
391.4781838	7.22E-06
391.5905743	8.38E-06
391.70297	8.27E-06
391.815371	9.54E-06
391.9277772	9.73E-06
392.0401886	1.02E-05
392.1526053	9.02E-06
392.2650272	9.46E-06
392.3774544	8.99E-06
392.4898868	9.02E-06
392.6023244	8.52E-06
392.7147672	8.99E-06
392.8272153	8.92E-06
392.9396686	8.32E-06
393.0521272	8.52E-06
393.1645909	8.56E-06
393.2770599	1.01E-05
393.3895341	9.03E-06
393.5020135	8.71E-06
393.6144981	8.05E-06
393.726988	8.99E-06
393.8394831	9.02E-06
393.9519833	8.55E-06
394.0644888	8.47E-06
394.1769995	9.10E-06
394.2895155	8.87E-06
394.4020366	8.95E-06
394.5145629	7.95E-06
394.6270944	9.05E-06
394.7396312	9.36E-06
394.8521731	9.13E-06
394.9647202	8.09E-06
395.0772726	7.62E-06
395.1898301	7.74E-06
395.3023928	7.58E-06
395.4149607	7.54E-06
395.5275338	9.05E-06
395.6401121	1.03E-05
395.7526956	1.06E-05
395.8652843	1.00E-05
395.9778781	9.02E-06
396.0904772	7.99E-06
396.2030814	8.09E-06
396.3156908	7.91E-06
396.4283054	8.09E-06
396.5409252	7.70E-06
396.6535501	7.83E-06
396.7661802	7.48E-06
396.8788155	6.93E-06
396.991456	6.50E-06
397.1041016	8.50E-06
397.2167524	9.78E-06
397.3294083	1.01E-05
397.4420695	8.58E-06
397.5547358	8.17E-06
397.6674072	7.99E-06
397.7800838	8.84E-06
397.8927656	8.64E-06
398.0054526	9.34E-06
398.1181447	9.02E-06
398.2308419	8.62E-06
398.3435443	8.29E-06
398.4562518	8.48E-06
398.5689646	8.45E-06
398.6816824	7.83E-06
398.7944054	7.09E-06
398.9071335	8.24E-06
399.0198668	8.50E-06
399.1326053	8.82E-06
399.2453488	7.83E-06
399.3580975	8.68E-06
399.4708514	8.47E-06
399.5836104	9.70E-06
399.6963745	8.32E-06
399.8091437	8.32E-06
399.9219181	7.52E-06
400.0346976	8.09E-06
400.1474823	7.38E-06
400.260272	8.09E-06
400.3730669	9.46E-06
400.4858669	1.05E-05
400.5986721	9.05E-06
400.7114823	8.06E-06
400.8242977	7.40E-06
400.9371182	7.77E-06
401.0499438	6.73E-06
401.1627746	7.56E-06
401.2756104	6.78E-06
401.3884514	8.37E-06
401.5012974	8.06E-06
401.6141486	9.13E-06
401.7270049	8.40E-06
401.8398663	8.11E-06
401.9527327	6.91E-06
402.0656043	7.80E-06
402.178481	8.09E-06
402.2913628	9.58E-06
402.4042497	8.62E-06
402.5171417	9.31E-06
402.6300388	8.50E-06
402.7429409	9.91E-06
402.8558482	9.68E-06
402.9687606	1.01E-05
403.081678	8.74E-06
403.1946005	9.13E-06
403.3075281	9.49E-06
403.4204608	9.88E-06
403.5333986	8.89E-06
403.6463415	7.72E-06
403.7592894	6.97E-06
403.8722424	5.93E-06
403.9852005	5.44E-06
404.0981637	6.78E-06
404.2111319	8.27E-06
404.3241053	9.52E-06
404.4370836	9.03E-06
404.5500671	9.13E-06
404.6630556	8.52E-06
404.7760492	7.91E-06
404.8890478	6.88E-06
405.0020515	7.43E-06
405.1150603	7.07E-06
405.2280741	7.35E-06
405.341093	6.89E-06
405.454117	7.62E-06
405.567146	8.45E-06
405.68018	7.70E-06
405.7932191	6.62E-06
405.9062633	6.05E-06
406.0193125	7.58E-06
406.1323667	8.21E-06
406.245426	8.38E-06
406.3584903	7.48E-06
406.4715597	7.05E-06
406.5846341	7.35E-06
406.6977136	7.66E-06
406.8107981	7.70E-06
406.9238876	7.01E-06
407.0369822	6.63E-06
407.1500818	7.19E-06
407.2631864	6.08E-06
407.3762961	6.60E-06
407.4894108	6.24E-06
407.6025305	7.22E-06
407.7156552	6.88E-06
407.828785	6.23E-06
407.9419198	5.85E-06
408.0550596	5.97E-06
408.1682044	5.95E-06
408.2813542	5.89E-06
408.3945091	5.56E-06
408.507669	6.10E-06
408.6208339	6.03E-06
408.7340038	6.47E-06
408.8471787	6.65E-06
408.9603586	7.28E-06
409.0735435	7.35E-06
409.1867334	7.15E-06
409.2999284	6.42E-06
409.4131283	6.71E-06
409.5263332	7.05E-06
409.6395431	6.83E-06
409.7527581	5.84E-06
409.865978	5.32E-06
409.9792029	6.46E-06
410.0924328	6.08E-06
410.2056677	5.58E-06
410.3189076	4.14E-06
410.4321525	4.67E-06
410.5454024	4.77E-06
410.6586572	5.93E-06
410.7719171	5.37E-06
410.8851819	6.46E-06
410.9984517	6.10E-06
411.1117265	5.73E-06
411.2250062	3.85E-06
411.338291	4.32E-06
411.4515807	4.64E-06
411.5648753	5.16E-06
411.678175	4.72E-06
411.7914796	4.28E-06
411.9047892	3.81E-06
412.0181038	3.71E-06
412.1314233	3.32E-06
412.2447478	4.56E-06
412.3580772	3.62E-06
412.4714116	4.38E-06
412.584751	3.00E-06
412.6980953	2.95E-06
412.8114446	2.43E-06
412.9247988	2.59E-06
413.038158	2.97E-06
413.1515221	2.74E-06
413.2648912	2.50E-06
413.3782652	2.03E-06
413.4916442	2.22E-06
413.6050281	2.37E-06
413.718417	2.08E-06
413.8318108	2.27E-06
413.9452096	2.35E-06
414.0586133	2.24E-06
414.1720219	1.80E-06
414.2854355	1.62E-06
414.3988539	1.75E-06
414.5122774	1.57E-06
414.6257057	9.41E-07
414.739139	1.06E-06
414.8525772	8.85E-07
414.9660204	1.18E-06
415.0794685	7.84E-07
415.1929215	1.06E-06
415.3063794	8.29E-07
415.4198422	1.20E-06
415.53331	7.06E-07
415.6467826	6.72E-07
415.7602602	1.01E-07
415.8737427	1.79E-07
415.9872301	2.13E-07
416.1007225	2.58E-07
416.2142197	1.79E-07
416.3277218	2.80E-07
416.4412289	2.35E-07
416.5547408	2.35E-07
416.6682577	5.60E-08
416.7817794	5.60E-08
416.8953061	7.84E-08
417.0088377	4.48E-08
417.1223741	4.48E-08
417.2359155	2.02E-07
417.3494617	2.02E-07
417.4630128	2.13E-07
417.5765689	2.24E-08
417.6901298	2.24E-08
417.8036956	0
417.9172663	3.36E-07
418.0308419	3.36E-07
418.1444223	3.36E-07
418.2580077	0
418.3715979	5.60E-08
418.485193	5.60E-08
418.598793	1.01E-07
418.7123978	4.48E-08
418.8260075	1.57E-07
418.9396221	1.23E-07
419.0532416	1.02E-05
419.166866	1.01E-05
419.2804952	7.33E-05
419.3941292	6.33E-05
419.5077682	2.49E-04
419.621412	2.40E-04
419.7350606	9.17E-04
419.8487142	0.001059026
419.9623726	0.002064265
420.0760358	0.001950271
420.1897039	0.002870494
420.3033768	0.002691333
420.4170546	0.003705062
420.5307373	0.003521533
420.6444248	0.0045289
420.7581172	0.004443615
420.8718143	0.005674476
420.9855164	0.005565143
421.0992233	0.007071471
421.212935	0.007076389
421.3266516	0.008440173
421.440373	0.008149618
421.5540992	0.00955535
421.6678303	0.009608555
421.7815662	0.01090203
421.8953069	0.010709697
422.0090525	0.012063994
422.1228029	0.012004415
422.2365582	0.013669732
422.3503182	0.013910073
422.4640831	0.015713364
422.5778528	0.015922118
422.6916273	0.017554134
422.8054067	0.018131481
422.9191908	0.019964276
423.0329798	0.020594615
423.1467736	0.021911893
423.2605722	0.022283499
423.3743757	0.0227084
423.4881839	0.023030979
423.6019969	0.02252319
423.7158148	0.023274467
423.8296375	0.022461674
423.9434649	0.023787991
424.0572972	0.022852692
424.1711343	0.024422038
424.2849761	0.024237545
424.3988228	0.025300077
424.5126743	0.025162719
424.6265305	0.024268337
424.7403916	0.024206249
424.8542574	0.02283486
424.968128	0.023217118
425.0820035	0.022168767
425.1958837	0.023627446
425.3097687	0.023584591
425.4236585	0.026136796
425.537553	0.025925096
425.6514524	0.030508735
425.7653565	0.030912522
425.8792654	0.034918791
425.9931791	0.034287926
426.1070976	0.036240112
426.2210208	0.035774518
426.3349488	0.037066548
426.4488816	0.03987705
426.5628191	0.04337273
426.6767614	0.046166945
426.7907085	0.046931406
426.9046604	0.04721272
427.018617	0.04674185
427.1325783	0.046310419
427.2465445	0.045793256
427.3605153	0.045445721
427.474491	0.046575179
427.5884714	0.046666479
427.7024565	0.048640272
427.8164464	0.048285042
427.9304411	0.050314684
428.0444405	0.050687366
428.1584446	0.053415304
428.2724535	0.054428484
428.3864672	0.056786182
428.5004856	0.05750632
428.6145087	0.059612891
428.7285366	0.060549535
428.8425692	0.062787852
428.9566065	0.063572856
429.0706486	0.065427381
429.1846954	0.066118553
429.2987469	0.068554502
429.4128032	0.069528277
429.5268642	0.071019551
429.6409299	0.071210328
429.7550004	0.072917099
429.8690756	0.073891647
429.9831555	0.07589686
430.0972401	0.076860408
430.2113294	0.079281874
430.3254235	0.080595982
430.4395223	0.083071683
430.5536258	0.083860685
430.667734	0.085744064
430.7818469	0.087623567
430.8959645	0.090126432
431.0100869	0.092565719
431.1242139	0.093953944
431.2383457	0.096394597
431.3524821	0.097727724
431.4666233	0.100197433
431.5807692	0.101442598
431.6949197	0.104172978
431.809075	0.10526964
431.9232349	0.107535221
432.0373996	0.108235959
432.1515689	0.110814273
432.265743	0.112243953
432.3799217	0.115410558
432.4941051	0.117197362
432.6082932	0.120407035
432.722486	0.121876747
432.8366835	0.124610891
432.9508856	0.126134973
433.0650925	0.129026458
433.179304	0.130289522
433.2935202	0.132947801
433.4077411	0.134561515
433.5219666	0.13761183
433.6361968	0.139388049
433.7504317	0.14261608
433.8646713	0.145016388
433.9789155	0.148480089
434.0931644	0.150275753
434.207418	0.153213016
434.3216762	0.15475203
434.4359391	0.15826981
434.5502067	0.16054107
434.6644789	0.164742059
434.7787558	0.167659104
434.8930373	0.171751409
435.0073235	0.173907601
435.1216143	0.17695086
435.2359098	0.17863729
435.3502099	0.182455069
435.4645147	0.185145304
435.5788242	0.189699204
435.6931382	0.192448312
435.807457	0.19692189
435.9217803	0.199669318
436.0361084	0.203778559
436.150441	0.206394464
436.2647783	0.210926198
436.3791202	0.214133832
436.4934668	0.218560981
436.607818	0.221960389
436.7221738	0.227047045
436.8365342	0.23094593
436.9508993	0.235927173
437.065269	0.239257851
437.1796434	0.244042493
437.2940223	0.246767485
437.4084059	0.251429991
437.5227941	0.254578125
437.637187	0.260148129
437.7515844	0.264355368
437.8659865	0.27054917
437.9803931	0.275095453
438.0948044	0.280658513
438.2092203	0.284301543
438.3236408	0.289378062
438.4380659	0.293544989
438.5524957	0.300036145
438.66693	0.304908984
438.7813689	0.310779658
438.8958125	0.314385109
439.0102606	0.319309305
439.1247133	0.322403674
439.2391707	0.327066829
439.3536326	0.329615954
439.4680991	0.334474825
439.5825703	0.338291327
439.697046	0.344424083
439.8115263	0.348373216
439.9260112	0.354781372
440.0405007	0.359437851
440.1549947	0.366975331
440.2694934	0.373692805
440.3839966	0.383707857
440.4985044	0.39237111
440.6130168	0.401544101
440.7275338	0.408432066
440.8420553	0.416324754
440.9565814	0.421953742
441.0711121	0.429842846
441.1856474	0.436514619
441.3001872	0.445491535
441.4147316	0.451402185
441.5292806	0.45851472
441.6438341	0.464570939
441.7583922	0.474475583
441.8729549	0.483658621
441.9875221	0.494559956
442.1020939	0.50275057
442.2166703	0.511423478
442.3312512	0.516384403
442.4458366	0.522427068
442.5604266	0.527832663
442.6750212	0.537483872
442.7896203	0.54716623
442.9042239	0.559720606
443.0188322	0.569731761
443.1334449	0.579315976
443.2480622	0.584728907
443.362684	0.591383845
443.4773104	0.598573409
443.5919413	0.609080389
443.7065768	0.618778642
443.8212168	0.628518003
443.9358613	0.634771361
444.0505104	0.641734148
444.1651639	0.646926464
444.2798221	0.655299744
444.3944847	0.663505311
444.5091519	0.674448024
444.6238236	0.684104855
444.7384998	0.694596254
444.8531806	0.702294369
444.9678658	0.710864698
445.0825556	0.717586394
445.1972499	0.727550303
445.3119488	0.73678295
445.4266521	0.747378587
445.5413599	0.754645673
445.6560723	0.762822958
445.7707892	0.769714193
445.8855106	0.778573308
446.0002364	0.786447021
446.1149668	0.796661183
446.2297017	0.806197514
446.3444411	0.816370938
446.459185	0.823187843
446.5739334	0.829883273
446.6886863	0.834661194
446.8034437	0.841398527
446.9182056	0.84759878
447.032972	0.855035406
447.1477429	0.859933168
447.2625182	0.863999172
447.3772981	0.866358282
447.4920824	0.871635703
447.6068712	0.878135551
447.7216645	0.887409262
447.8364623	0.895879286
447.9512646	0.904166755
448.0660713	0.910416965
448.1808826	0.917197713
448.2956983	0.923888338
448.4105185	0.932515568
448.5253431	0.939767735
448.6401722	0.948419406
448.7550058	0.954549855
448.8698439	0.961246584
448.9846864	0.965661289
449.0995334	0.969589879
449.2143849	0.971992976
449.3292408	0.975678413
449.4441012	0.979830453
449.558966	0.985548479
449.6738353	0.989146806
449.788709	0.992786734
449.9035873	0.993110982
450.0184699	0.993256899
450.133357	0.991929955
450.2482486	0.993708794
450.3631446	0.99502419
450.478045	0.998281635
450.59295	0.999179108
450.7078593	1
450.8227731	0.997987115
450.9376913	0.996768384
451.052614	0.997024048
451.1675411	0.998990863
451.2824726	0.999649172
451.3974086	0.999627711
451.512349	0.997788957
451.6272939	0.996770871
451.7422431	0.994219932
451.8571968	0.992669863
451.9721549	0.990860489
452.0871175	0.990812974
452.2020845	0.990141953
452.3170559	0.98954394
452.4320317	0.986720647
452.5470119	0.984880975
452.6619966	0.981435139
452.7769856	0.979909477
452.8919791	0.976955199
453.006977	0.975566616
453.1219793	0.972179798
453.236986	0.969097313
453.3519972	0.964258895
453.4670127	0.960099731
453.5820326	0.955726201
453.697057	0.953623102
453.8120857	0.950314132
453.9271189	0.946913369
454.0421564	0.939718607
454.1571984	0.933796364
454.2722447	0.926376461
454.3872954	0.92223905
454.5023505	0.916254282
454.6174101	0.912668108
454.732474	0.908582681
454.8475423	0.906218967
454.9626149	0.901078793
455.077692	0.89359725
455.1927735	0.884893237
455.3078593	0.879068218
455.4229495	0.874749361
455.5380441	0.872145945
455.6531431	0.867119427
455.7682464	0.861923864
455.8833541	0.853501612
455.9984662	0.846800246
456.1135827	0.838124302
456.2287035	0.832782038
456.3438287	0.82666288
456.4589583	0.823051358
456.5740922	0.817077791
456.6892305	0.811762645
456.8043732	0.804405155
456.9195202	0.798141559
457.0346715	0.790587311
457.1498273	0.78474492
457.2649874	0.776383961
457.3801518	0.768233414
457.4953206	0.758311207
457.6104938	0.751625309
457.7256713	0.743633548
457.8408531	0.737670018
457.9560393	0.730854793
458.0712298	0.726275768
458.1864247	0.718819137
458.3016239	0.710522954
458.4168275	0.699326303
458.5320354	0.690016693
458.6472476	0.680959599
458.7624642	0.675996603
458.8776851	0.670953799
458.9929104	0.66793218
459.1081399	0.661408754
459.2233738	0.655000878
459.3386121	0.645465522
459.4538546	0.638094601
459.5691015	0.629781908
459.6843527	0.623772094
459.7996082	0.616660075
459.9148681	0.610935631
460.0301323	0.603086672
460.1454007	0.594909869
460.2606735	0.586350114
460.3759507	0.577322222
460.4912321	0.571160399
460.6065178	0.564377019
460.7218079	0.560580982
460.8371022	0.5545391
460.9524009	0.550056248
461.0677039	0.54318159
461.1830111	0.537848612
461.2983227	0.530779828
461.4136386	0.525380013
461.5289587	0.518467003
461.6442832	0.51400671
461.759612	0.508217255
461.874945	0.503540759
461.9902824	0.496016228
462.105624	0.490017067
462.22097	0.482251656
462.3363202	0.477126144
462.4516747	0.471510753
462.5670335	0.468360883
462.6823966	0.462883915
462.7977639	0.458144346
462.9131355	0.451101583
463.0285115	0.446209198
463.1438917	0.440252175
463.2592761	0.43658877
463.3746649	0.431372753
463.4900579	0.427554672
463.6054552	0.42199877
463.7208567	0.417401388
463.8362625	0.411257509
463.9516726	0.40699459
464.067087	0.402109138
464.1825056	0.39907568
464.2979285	0.394426291
464.4133556	0.390696486
464.528787	0.385518586
464.6442227	0.382101951
464.7596626	0.377463483
464.8751068	0.373503865
464.9905552	0.367584915
465.1060078	0.363893104
465.2214648	0.358985295
465.3369259	0.35611003
465.4523913	0.351479749
465.567861	0.348957821
465.6833349	0.344188972
465.798813	0.341170165
465.9142954	0.33629419
466.029782	0.333693742
466.1452729	0.329394643
466.260768	0.327057062
466.3762673	0.322513713
466.4917709	0.319060876
466.6072787	0.31385447
466.7227907	0.311088605
466.8383069	0.307757669
466.9538274	0.305819685
467.0693521	0.302274418
467.184881	0.299951722
467.3004142	0.296422427
467.4159515	0.294236564
467.5314931	0.290117701
467.6470389	0.287649964
467.7625889	0.283577474
467.8781432	0.281719566
467.9937016	0.277842825
468.1092642	0.275916513
468.2248311	0.272167061
468.3404022	0.270810882
468.4559775	0.2681729
468.5715569	0.266803235
468.6871406	0.263466822
468.8027285	0.261100096
468.9183206	0.257844666
469.0339169	0.255969251
469.1495173	0.252581246
469.265122	0.25028885
469.3807309	0.246915395
469.496344	0.2451255
469.6119612	0.242080785
469.7275826	0.24104023
469.8432083	0.238505566
469.9588381	0.237452577
470.0744721	0.234192847
470.1901103	0.232642072
470.3057526	0.229373672
470.4213992	0.227976463
470.5370499	0.2248621
470.6527048	0.224164633
470.7683639	0.221659853
470.8840271	0.220933476
470.9996946	0.217481547
471.1153662	0.215746324
471.2310419	0.212868057
471.3467218	0.212183292
471.4624059	0.210457355
471.5780942	0.209888017
471.6937866	0.207317072
471.8094832	0.205011526
471.925184	0.201055919
472.0408889	0.198934103
472.1565979	0.19643656
472.2723111	0.196253826
472.3880285	0.195029114
472.50375	0.194479254
472.6194757	0.191532918
472.7352055	0.189369401
472.8509395	0.186318267
472.9666776	0.185251725
473.0824199	0.183356697
473.1981663	0.183361357
473.3139168	0.181382008
473.4296715	0.18045642
473.5454303	0.177396673
473.6611933	0.175831931
473.7769604	0.172941992
473.8927316	0.172179961
474.008507	0.170845602
474.1242864	0.171402653
474.2400701	0.169617821
474.3558578	0.16857441
474.4716497	0.165453068
474.5874457	0.16396829
474.7032458	0.161683443
474.8190501	0.161089496
474.9348584	0.159609075
475.0506709	0.159195599
475.1664875	0.157619656
475.2823082	0.157055593
475.398133	0.154269914
475.513962	0.152885744
475.629795	0.150547647
475.7456322	0.150303822
475.8614734	0.148379033
475.9773188	0.147767859
476.0931683	0.14581071
476.2090219	0.145291743
476.3248796	0.143139528
476.4407413	0.142723386
476.5566072	0.140939238
476.6724772	0.140589261
476.7883513	0.138485882
476.9042294	0.137866811
477.0201117	0.135625155
477.135998	0.134770661
477.2518885	0.132663328
477.367783	0.132180148
477.4836816	0.130327091
477.5995843	0.129580809
477.7154911	0.128014981
477.8314019	0.127628701
477.9473169	0.125901275
478.0632359	0.124811054
478.179159	0.122853927
478.2950861	0.12259189
478.4110174	0.121221833
478.5269527	0.120705285
478.6428921	0.118632048
478.7588355	0.117949255
478.874783	0.11622865
478.9907346	0.115634535
479.1066903	0.113911723
479.22265	0.113003967
479.3386138	0.110916214
479.4545816	0.109937746
479.5705535	0.108319026
479.6865294	0.108165426
479.8025095	0.106800241
479.9184935	0.106016224
480.0344816	0.103702601
480.1504738	0.102494904
480.26647	0.100354741
480.3824702	0.099630492
480.4984745	0.097888067
480.6144829	0.098326107
480.7304953	0.096908389
480.8465117	0.096669829
480.9625322	0.094366445
481.0785567	0.093669101
481.1945852	0.091983533
481.3106178	0.091681306
481.4266544	0.090726752
481.5426951	0.090253687
481.6587397	0.08849418
481.7747885	0.087266399
481.8908412	0.085271066
482.0068979	0.084605208
482.1229587	0.083179505
482.2390235	0.083201974
482.3550924	0.082517186
482.4711652	0.082517612
482.5872421	0.080768444
482.7033229	0.079510891
482.8194078	0.077174721
482.9354967	0.076382358
483.0515897	0.074639967
483.1676866	0.074676236
483.2837875	0.073602548
483.3998925	0.073630203
483.5160014	0.071860874
483.6321144	0.070862389
483.7482314	0.068665213
483.8643523	0.067887345
483.9804773	0.066284429
484.0966062	0.065840531
484.2127392	0.064828326
484.3288761	0.064854111
484.4450171	0.063901999
484.561162	0.063321527
484.6773109	0.061548781
484.7934638	0.060515551
484.9096208	0.05862656
485.0257816	0.058129905
485.1419465	0.056248845
485.2581154	0.055504065
485.3742882	0.053313777
485.490465	0.052707263
485.6066458	0.050390258
485.7228306	0.050232345
485.8390193	0.048610074
485.955212	0.049469878
486.0714087	0.047885668
486.1876094	0.048001375
486.303814	0.046166486
486.4200226	0.046019226
486.5362352	0.045132472
486.6524517	0.045363258
486.7686722	0.045462455
486.8848966	0.045924028
487.001125	0.046640526
487.1173574	0.046959095
487.2335937	0.047093855
487.349834	0.045584244
487.4660782	0.044202829
487.5823264	0.041925677
487.6985785	0.040151072
487.8148346	0.038286567
487.9310946	0.036517887
488.0473586	0.03637159
488.1636265	0.035124588
488.2798984	0.036346634
488.3961742	0.034255308
488.5124539	0.03483102
488.6287376	0.030544242
488.7450252	0.030798663
488.8613168	0.02720392
488.9776122	0.02823547
489.0939117	0.024973096
489.210215	0.024505374
489.3265223	0.022252517
489.4428335	0.022793819
489.5591486	0.022730824
489.6754676	0.023583023
489.7917906	0.024353734
489.9081175	0.025225265
490.0244483	0.02494926
490.1407831	0.025084278
490.2571217	0.024045223
490.3734643	0.024755011
490.4898107	0.023099697
490.6061611	0.024051451
490.7225154	0.022594071
490.8388736	0.023713694
490.9552357	0.022568028
491.0716017	0.023528373
491.1879717	0.022795622
491.3043455	0.023301574
491.4207232	0.02301756
491.5371048	0.022888053
491.6534904	0.022817274
491.7698798	0.021893019
491.8862731	0.02157063
492.0026703	0.020121404
492.1190714	0.020145386
492.2354764	0.019166324
492.3518852	0.019049184
492.468298	0.017082514
492.5847147	0.016792552
492.7011352	0.015106021
492.8175596	0.014993876
492.9339879	0.013255595
493.0504201	0.013338797
493.1668561	0.012067836
493.2832961	0.012095794
493.3997399	0.011099684
493.5161875	0.011626335
493.6326391	0.010579317
493.7490945	0.010748901
493.8655538	0.009639671
493.9820169	0.010087411
494.0984839	0.00871722
494.2149548	0.008705873
494.3314296	0.007484354
494.4479082	0.008094094
494.5643906	0.007058232
494.680877	0.007279094
494.7973671	0.006010205
494.9138612	0.006433247
495.0303591	0.005420683
495.1468608	0.005670085
495.2633664	0.004541826
495.3798758	0.004828225
495.4963891	0.003916493
495.6129062	0.004201134
495.7294272	0.003250053
495.845952	0.003489576
495.9624807	0.002640816
496.0790132	0.002871748
496.1955495	0.001918595
496.3120897	0.002124717
496.4286337	0.001227815
496.5451815	0.001559198
496.6617332	9.85E-04
496.7782887	0.001470799
496.894848	8.50E-04
497.0114111	0.001025826
497.1279781	4.12E-04
497.2445489	6.35E-04
497.3611235	2.39E-04
497.477702	3.19E-04
497.5942842	8.71E-05
497.7108703	1.49E-04
497.8274602	6.22E-05
497.9440539	6.94E-05
498.0606514	7.20E-06
498.1772528	1.43E-05
498.2938579	7.09E-06
498.4104669	1.33E-05
498.5270796	6.23E-06
498.6436962	1.14E-05
498.7603166	5.14E-06
498.8769407	9.73E-06
498.9935687	4.59E-06
499.1102005	9.42E-06
499.226836	4.83E-06
499.3434754	8.68E-06
499.4601186	3.85E-06
499.5767655	8.21E-06
499.6934163	4.36E-06
499.8100708	8.21E-06
499.9267291	3.85E-06
500.0433912	6.96E-06
500.1600571	3.10E-06
500.2767268	6.96E-06
500.3934002	3.85E-06
500.5100775	6.88E-06
500.6267585	3.02E-06
500.7434433	6.88E-06
500.8601319	3.85E-06
500.9768242	7.56E-06
501.0935203	3.71E-06
501.2102202	7.52E-06
501.3269239	3.81E-06
501.4436313	7.93E-06
501.5603425	4.12E-06
501.6770575	7.33E-06
501.7937762	3.20E-06
501.9104987	6.70E-06
502.0272249	3.49E-06
502.1439549	6.78E-06
502.2606887	3.28E-06
502.3774262	6.38E-06
502.4941675	3.10E-06
502.6109125	6.50E-06
502.7276613	3.39E-06
502.8444138	7.72E-06
502.9611701	4.32E-06
503.0779301	9.50E-06
503.1946938	5.19E-06
503.3114614	1.05E-05
503.4282326	5.34E-06
503.5450076	9.80E-06
503.6617863	4.46E-06
503.7785688	8.99E-06
503.895355	4.54E-06
504.0121449	8.58E-06
504.1289386	4.04E-06
504.245736	9.49E-06
504.3625371	5.44E-06
504.479342	1.12E-05
504.5961506	5.76E-06
504.7129629	1.11E-05
504.8297789	5.37E-06
504.9465987	1.00E-05
505.0634222	4.69E-06
505.1802494	1.15E-05
505.2970803	6.78E-06
505.4139149	1.33E-05
505.5307532	6.47E-06
505.6475953	1.32E-05
505.7644411	6.70E-06
505.8812905	1.33E-05
505.9981437	6.62E-06
506.1150006	1.26E-05
506.2318612	6.00E-06
506.3487255	1.20E-05
506.4655935	5.97E-06
506.5824652	1.25E-05
506.6993406	6.58E-06
506.8162197	1.31E-05
506.9331025	6.55E-06
507.049989	1.45E-05
507.1668792	7.95E-06
507.283773	1.55E-05
507.4006706	7.54E-06
507.5175719	1.55E-05
507.6344768	7.99E-06
507.7513854	1.58E-05
507.8682977	7.83E-06
507.9852137	1.39E-05
508.1021334	6.07E-06
508.2190567	1.33E-05
508.3359837	7.27E-06
508.4529144	1.42E-05
508.5698488	6.96E-06
508.6867868	1.50E-05
508.8037286	8.06E-06
508.9206739	1.52E-05
509.037623	7.09E-06
509.1545757	1.49E-05
509.2715321	7.85E-06
509.3884922	1.66E-05
509.5054559	8.76E-06
509.6224232	1.75E-05
509.7393943	8.82E-06
509.8563689	1.77E-05
509.9733473	8.87E-06
510.0903293	1.84E-05
510.2073149	9.54E-06
510.3243042	1.82E-05
510.4412972	8.66E-06
510.5582938	1.69E-05
510.675294	8.29E-06
510.7922979	1.65E-05
510.9093054	8.22E-06
511.0263166	1.80E-05
511.1433314	9.80E-06
511.2603499	1.94E-05
511.377372	9.62E-06
511.4943977	1.91E-05
511.611427	9.52E-06
511.72846	1.92E-05
511.8454966	9.72E-06
511.9625369	1.85E-05
512.0795808	8.84E-06
512.1966283	1.81E-05
512.3136794	9.26E-06
512.4307342	1.83E-05
512.5477925	8.99E-06
512.6648545	1.78E-05
512.7819201	8.79E-06
512.8989894	1.78E-05
513.0160622	8.97E-06
513.1331387	1.76E-05
513.2502188	8.58E-06
513.3673024	1.91E-05
513.4843897	1.06E-05
513.6014806	2.05E-05
513.7185751	9.96E-06
513.8356733	2.00E-05
513.952775	1.01E-05
514.0698803	1.97E-05
514.1869892	9.64E-06
514.3041017	1.84E-05
514.4212178	8.78E-06
514.5383375	1.86E-05
514.6554608	9.91E-06
514.7725877	2.03E-05
514.8897182	1.04E-05
515.0068523	2.09E-05
515.1239899	1.05E-05
515.2411312	2.09E-05
515.358276	1.04E-05
515.4754244	2.12E-05
515.5925764	1.09E-05
515.709732	2.00E-05
515.8268912	9.18E-06
515.9440539	1.99E-05
516.0612202	1.08E-05
516.1783901	2.02E-05
516.2955636	9.41E-06
516.4127406	2.12E-05
516.5299212	1.19E-05
516.6471053	2.19E-05
516.7642931	1.01E-05
516.8814844	2.02E-05
516.9986792	1.02E-05
517.1158776	2.12E-05
517.2330796	1.10E-05
517.3502851	2.14E-05
517.4674942	1.04E-05
517.5847069	2.03E-05
517.7019231	9.99E-06
517.8191428	2.05E-05
517.9363661	1.07E-05
518.053593	2.22E-05
518.1708234	1.18E-05
518.2880574	2.30E-05
518.4052948	1.14E-05
518.5225359	2.23E-05
518.6397805	1.11E-05
518.7570286	2.27E-05
518.8742802	1.16E-05
518.9915354	2.38E-05
519.1087941	1.23E-05
519.2260564	2.38E-05
519.3433222	1.16E-05
519.4605915	2.35E-05
519.5778644	1.29E-05
519.6951408	1.49E-05
519.8124207	4.57E-06
519.9297041	6.07E-06
520.0469911	5.73E-06
520.1642815	6.16E-06
520.2815755	5.24E-06
520.398873	4.75E-06
520.5161741	4.57E-06
520.6334786	4.46E-06
520.7507867	4.91E-06
520.8680983	4.04E-06
520.9854133	4.93E-06
521.1027319	5.71E-06
521.220054	7.36E-06
521.3373796	6.54E-06
521.4547087	6.23E-06
521.5720414	5.48E-06
521.6893775	5.45E-06
521.8067171	5.73E-06
521.9240602	5.16E-06
522.0414068	6.13E-06
522.1587569	5.32E-06
522.2761105	5.37E-06
522.3934676	5.34E-06
522.5108282	4.81E-06
522.6281923	5.73E-06
522.7455598	5.09E-06
522.8629309	6.47E-06
522.9803054	5.99E-06
523.0976834	6.52E-06
523.2150649	5.81E-06
523.3324499	5.95E-06
523.4498383	5.71E-06
523.5672302	5.58E-06
523.6846256	4.98E-06
523.8020245	5.30E-06
523.9194269	6.78E-06
524.0368327	7.15E-06
524.154242	6.26E-06
524.2716547	5.52E-06
524.389071	5.30E-06
524.5064906	6.63E-06
524.6239138	6.00E-06
524.7413404	6.24E-06
524.8587705	5.40E-06
524.976204	6.83E-06
525.093641	7.28E-06
525.2110814	7.56E-06
525.3285253	6.99E-06
525.4459727	6.70E-06
525.5634235	7.28E-06
525.6808777	6.50E-06
525.7983354	6.46E-06
525.9157965	5.79E-06
526.0332611	5.73E-06
526.1507291	5.91E-06
526.2682006	6.28E-06
526.3856755	6.50E-06
526.5031538	6.40E-06
526.6206356	6.65E-06
526.7381208	6.89E-06
526.8556095	8.06E-06
526.9731016	7.52E-06
527.0905971	7.74E-06
527.208096	6.88E-06
527.3255984	6.81E-06
527.4431042	7.20E-06
527.5606134	6.99E-06
527.678126	7.17E-06
527.7956421	6.18E-06
527.9131616	6.05E-06
528.0306845	6.16E-06
528.1482108	6.97E-06
528.2657405	8.11E-06
528.3832737	8.52E-06
528.5008102	8.56E-06
528.6183502	6.62E-06
528.7358936	6.65E-06
528.8534404	5.61E-06
528.9709906	6.89E-06
529.0885441	5.87E-06
529.2061011	6.26E-06
529.3236615	6.60E-06
529.4412253	6.99E-06
529.5587925	7.09E-06
529.6763631	6.46E-06
529.7939371	6.65E-06
529.9115145	6.75E-06
530.0290953	6.71E-06
530.1466794	6.10E-06
530.264267	5.68E-06
530.3818579	6.38E-06
530.4994522	6.50E-06
530.6170499	7.27E-06
530.734651	7.70E-06
530.8522555	9.58E-06
530.9698634	9.18E-06
531.0874746	8.11E-06
531.2050892	6.58E-06
531.3227072	6.08E-06
531.4403285	5.84E-06
531.5579533	6.52E-06
531.6755813	6.78E-06
531.7932128	6.91E-06
531.9108476	6.88E-06
532.0284858	7.58E-06
532.1461274	7.38E-06
532.2637723	7.09E-06
532.3814206	5.99E-06
532.4990723	5.99E-06
532.6167273	5.79E-06
532.7343856	7.30E-06
532.8520473	7.99E-06
532.9697124	8.19E-06
533.0873808	7.33E-06
533.2050526	7.91E-06
533.3227277	6.89E-06
533.4404062	6.96E-06
533.558088	6.81E-06
533.6757731	7.74E-06
533.7934616	8.70E-06
533.9111535	7.64E-06
534.0288487	7.43E-06
534.1465472	7.36E-06
534.264249	7.52E-06
534.3819542	8.42E-06
534.4996627	7.66E-06
534.6173746	8.60E-06
534.7350898	7.52E-06
534.8528083	8.14E-06
534.9705301	8.05E-06
535.0882553	8.34E-06
535.2059838	7.35E-06
535.3237156	6.10E-06
535.4414507	5.69E-06
535.5591892	6.07E-06
535.6769309	7.70E-06
535.794676	9.17E-06
535.9124244	1.01E-05
536.0301761	9.76E-06
536.1479311	9.02E-06
536.2656895	8.71E-06
536.3834511	8.71E-06
536.5012161	8.68E-06
536.6189843	8.01E-06
536.7367559	8.50E-06
536.8545308	8.55E-06
536.9723089	8.29E-06
537.0900904	8.29E-06
537.2078751	7.75E-06
537.3256632	8.29E-06
537.4434545	7.83E-06
537.5612492	7.17E-06
537.6790471	7.40E-06
537.7968484	7.22E-06
537.9146529	8.19E-06
538.0324607	7.64E-06
538.1502718	6.60E-06
538.2680861	6.71E-06
538.3859038	7.50E-06
538.5037247	8.37E-06
538.6215489	8.79E-06
538.7393764	8.24E-06
538.8572072	8.76E-06
538.9750412	7.82E-06
539.0928785	7.58E-06
539.2107191	7.09E-06
539.328563	7.80E-06
539.4464101	7.93E-06
539.5642605	7.19E-06
539.6821142	6.75E-06
539.7999711	7.01E-06
539.9178313	7.11E-06
540.0356947	6.40E-06
540.1535614	6.23E-06
540.2714314	6.91E-06
540.3893046	7.17E-06
540.5071811	7.93E-06
540.6250608	8.39E-06
540.7429438	9.78E-06
540.86083	9.25E-06
540.9787195	7.95E-06
541.0966122	7.05E-06
541.2145082	6.55E-06
541.3324074	7.35E-06
541.4503098	7.40E-06
541.5682155	8.09E-06
541.6861245	8.22E-06
541.8040366	8.97E-06
541.921952	8.22E-06
542.0398707	8.40E-06
542.1577926	8.55E-06
542.2757177	8.52E-06
542.393646	9.13E-06
542.5115776	7.93E-06
542.6295124	8.24E-06
542.7474504	7.64E-06
542.8653916	8.60E-06
542.9833361	9.07E-06
543.1012838	8.84E-06
543.2192347	8.47E-06
543.3371888	7.30E-06
543.4551461	6.71E-06
543.5731067	7.01E-06
543.6910704	8.64E-06
543.8090374	1.03E-05
543.9270076	9.29E-06
544.044981	8.66E-06
544.1629576	7.33E-06
544.2809374	7.74E-06
544.3989204	7.99E-06
544.5169066	9.33E-06
544.634896	9.81E-06
544.7528886	9.03E-06
544.8708845	7.77E-06
544.9888835	7.30E-06
545.1068857	7.38E-06
545.2248911	7.30E-06
545.3428996	7.15E-06
545.4609114	8.64E-06
545.5789264	8.94E-06
545.6969445	9.34E-06
545.8149659	9.26E-06
545.9329904	1.03E-05
546.0510181	1.06E-05
546.169049	1.02E-05
546.287083	9.42E-06
546.4051203	9.05E-06
546.5231607	7.77E-06
546.6412043	8.32E-06
546.759251	8.34E-06
546.877301	8.62E-06
546.9953541	7.72E-06
547.1134103	7.90E-06
547.2314698	7.36E-06
547.3495324	7.54E-06
547.4675981	6.93E-06
547.5856671	7.85E-06
547.7037391	8.45E-06
547.8218144	9.39E-06
547.9398928	8.92E-06
548.0579744	8.62E-06
548.1760591	7.25E-06
548.2941469	7.67E-06
548.412238	7.25E-06
548.5303321	9.07E-06
548.6484294	9.21E-06
548.7665299	9.80E-06
548.8846335	8.60E-06
549.0027403	8.97E-06
549.1208502	7.80E-06
549.2389632	8.05E-06
549.3570794	8.56E-06
549.4751987	8.92E-06
549.5933211	9.60E-06
549.7114467	5.87E-06
549.8295754	1.66E-05
549.9477073	1.31E-05
550.0658422	2.56E-05
550.1839803	1.27E-05
550.3021216	2.42E-05
550.4202659	1.17E-05
550.5384134	2.58E-05
550.656564	1.43E-05
550.7747177	2.67E-05
550.8928746	1.25E-05
551.0110345	2.39E-05
551.1291976	1.15E-05
551.2473638	2.51E-05
551.3655331	1.36E-05
551.4837055	2.80E-05
551.601881	1.46E-05
551.7200596	2.73E-05
551.8382414	1.28E-05
551.9564262	2.59E-05
552.0746142	1.32E-05
552.1928052	2.69E-05
552.3109994	1.38E-05
552.4291966	2.80E-05
552.5473969	1.43E-05
552.6656004	2.74E-05
552.7838069	1.32E-05
552.9020165	2.72E-05
553.0202293	1.44E-05
553.1384451	2.67E-05
553.256664	1.27E-05
553.3748859	2.62E-05
553.493111	1.42E-05
553.6113391	2.72E-05
553.7295704	1.33E-05
553.8478047	2.71E-05
553.9660421	1.42E-05
554.0842825	2.75E-05
554.2025261	1.35E-05
554.3207727	2.66E-05
554.4390224	1.33E-05
554.5572752	2.80E-05
554.675531	1.49E-05
554.7937899	2.78E-05
554.9120518	1.33E-05
555.0303169	2.58E-05
555.148585	1.29E-05
555.2668561	2.64E-05
555.3851303	1.37E-05
555.5034076	2.83E-05
555.6216879	1.47E-05
555.7399713	2.68E-05
555.8582578	1.22E-05
555.9765473	2.66E-05
556.0948398	1.45E-05
556.2131354	2.79E-05
556.331434	1.34E-05
556.4497357	2.85E-05
556.5680405	1.51E-05
556.6863482	2.89E-05
556.8046591	1.38E-05
556.9229729	2.74E-05
557.0412898	1.38E-05
557.1596097	2.65E-05
557.2779327	1.31E-05
557.3962587	2.66E-05
557.5145878	1.39E-05
557.6329198	2.75E-05
557.7512549	1.39E-05
557.869593	2.67E-05
557.9879342	1.28E-05
558.1062784	2.67E-05
558.2246256	1.41E-05
558.3429758	2.77E-05
558.461329	1.39E-05
558.5796853	2.63E-05
558.6980446	1.26E-05
558.8164069	2.46E-05
558.9347722	1.21E-05
559.0531405	2.48E-05
559.1715118	1.28E-05
559.2898862	2.69E-05
559.4082635	1.42E-05
559.5266439	2.76E-05
559.6450272	1.36E-05
559.7634136	2.71E-05
559.8818029	1.37E-05
560.0001953	2.74E-05
560.1185907	1.38E-05
560.236989	2.66E-05
560.3553904	1.29E-05
560.4737947	2.68E-05
560.5922021	1.40E-05
560.7106124	2.66E-05
560.8290257	1.27E-05
560.947442	2.57E-05
561.0658613	1.30E-05
561.1842836	2.43E-05
561.3027089	1.16E-05
561.4211371	2.56E-05
561.5395683	1.43E-05
561.6580025	2.73E-05
561.7764397	1.33E-05
561.8948799	2.66E-05
562.013323	1.35E-05
562.1317691	2.65E-05
562.2502182	1.31E-05
562.3686702	2.71E-05
562.4871252	1.41E-05
562.6055832	2.64E-05
562.7240442	1.24E-05
562.8425081	2.48E-05
562.9609749	1.24E-05
563.0794447	2.55E-05
563.1979175	1.31E-05
563.3163933	2.64E-05
563.434872	1.34E-05
563.5533536	2.77E-05
563.6718382	1.44E-05
563.7903258	2.61E-05
563.9088163	1.17E-05
564.0273097	2.57E-05
564.1458061	1.40E-05
564.2643055	2.71E-05
564.3828077	1.31E-05
564.501313	2.72E-05
564.6198211	1.42E-05
564.7383322	2.73E-05
564.8568463	1.32E-05
564.9753633	2.48E-05
565.0938832	1.18E-05
565.212406	2.43E-05
565.3309318	1.26E-05
565.4494605	2.39E-05
565.5679921	1.15E-05
565.6865267	2.39E-05
565.8050642	1.24E-05
565.9236046	2.51E-05
566.0421479	1.27E-05
566.1606941	2.63E-05
566.2792433	1.37E-05
566.3977954	2.66E-05
566.5163504	1.32E-05
566.6349083	2.65E-05
566.7534691	1.36E-05
566.8720328	2.48E-05
566.9905995	1.16E-05
567.109169	2.35E-05
567.2277415	1.20E-05
567.3463168	2.49E-05
567.4648951	1.31E-05
567.5834763	2.67E-05
567.7020603	1.38E-05
567.8206473	2.66E-05
567.9392372	1.30E-05
568.0578299	2.58E-05
568.1764256	1.29E-05
568.2950241	2.57E-05
568.4136255	1.30E-05
568.5322298	2.62E-05
568.6508371	1.35E-05
568.7694472	2.63E-05
568.8880601	1.30E-05
569.006676	2.67E-05
569.1252947	1.37E-05
569.2439164	2.63E-05
569.3625409	1.26E-05
569.4811682	2.54E-05
569.5997985	1.28E-05
569.7184316	2.53E-05
569.8370676	1.26E-05
569.9557065	2.61E-05
570.0743482	1.36E-05
570.1929928	2.63E-05
570.3116403	1.28E-05
570.4302906	2.68E-05
570.5489438	1.41E-05
570.6675999	2.68E-05
570.7862588	1.31E-05
570.9049206	2.67E-05
571.0235852	1.40E-05
571.1422527	2.66E-05
571.2609231	1.29E-05
571.3795963	2.60E-05
571.4982723	1.31E-05
571.6169512	2.60E-05
571.7356329	1.29E-05
571.8543175	2.48E-05
571.973005	1.22E-05
572.0916952	2.38E-05
572.2103883	1.18E-05
572.3290843	2.45E-05
572.4477831	1.28E-05
572.5664847	2.63E-05
572.6851892	1.36E-05
572.8038965	2.60E-05
572.9226066	1.26E-05
573.0413196	2.52E-05
573.1600354	1.28E-05
573.278754	2.56E-05
573.3974755	1.28E-05
573.5161997	2.62E-05
573.6349268	1.34E-05
573.7536567	2.67E-05
573.8723895	1.34E-05
573.991125	2.55E-05
574.1098634	1.22E-05
574.2286046	2.43E-05
574.3473486	1.22E-05
574.4660954	2.52E-05
574.584845	1.31E-05
574.7035974	2.53E-05
574.8223526	1.23E-05
574.9411107	2.34E-05
575.0598715	1.13E-05
575.1786352	2.24E-05
575.2974016	1.12E-05
575.4161709	2.37E-05
575.5349429	1.27E-05
575.6537178	2.57E-05
575.7724954	1.31E-05
575.8912758	2.70E-05
576.0100591	1.39E-05
576.1288451	2.61E-05
576.2476339	1.22E-05
576.3664255	2.62E-05
576.4852198	1.41E-05
576.604017	2.81E-05
576.7228169	1.41E-05
576.8416197	2.56E-05
576.9604252	1.18E-05
577.0792335	2.49E-05
577.1980445	1.34E-05
577.3168583	2.56E-05
577.435675	1.25E-05
577.5544943	2.64E-05
577.6733165	1.40E-05
577.7921414	2.70E-05
577.9109691	1.31E-05
578.0297995	2.55E-05
578.1486328	1.24E-05
578.2674687	2.50E-05
578.3863075	1.26E-05
578.505149	2.50E-05
578.6239932	1.24E-05
578.7428402	2.41E-05
578.86169	1.18E-05
578.9805425	2.33E-05
579.0993978	1.16E-05
579.2182558	2.49E-05
579.3371166	1.34E-05
579.4559801	2.61E-05
579.5748464	1.28E-05
579.6937154	2.56E-05
579.8125871	1.28E-05
579.9314616	2.68E-05
580.0503389	1.59E-05
580.1692188	1.79E-05
580.2881015	6.73E-06
580.406987	7.62E-06
580.5258751	8.32E-06
580.644766	8.68E-06
580.7636597	9.31E-06
580.8825561	8.60E-06
581.0014551	7.50E-06
581.120357	5.77E-06
581.2392615	6.88E-06
581.3581688	7.95E-06
581.4770788	8.82E-06
581.5959915	7.56E-06
581.7149069	6.36E-06
581.833825	5.50E-06
581.9527459	6.52E-06
582.0716694	6.91E-06
582.1905957	7.22E-06
582.3095247	6.63E-06
582.4284564	7.35E-06
582.5473908	7.07E-06
582.6663279	6.80E-06
582.7852677	6.03E-06
582.9042102	6.54E-06
583.0231555	6.34E-06
583.1421034	6.34E-06
583.261054	6.26E-06
583.3800073	7.75E-06
583.4989633	7.50E-06
583.617922	7.20E-06
583.7368834	5.58E-06
583.8558475	5.50E-06
583.9748143	5.76E-06
584.0937837	5.85E-06
584.2127559	6.00E-06
584.3317307	7.44E-06
584.4507082	8.92E-06
584.5696884	9.05E-06
584.6886712	8.37E-06
584.8076568	7.11E-06
584.926645	6.52E-06
585.0456359	6.65E-06
585.1646295	7.38E-06
585.2836257	8.17E-06
585.4026246	8.50E-06
585.5216262	8.76E-06
585.6406305	8.95E-06
585.7596374	8.39E-06
585.878647	7.74E-06
585.9976592	7.01E-06
586.1166741	6.42E-06
586.2356917	6.47E-06
586.3547119	7.46E-06
586.4737347	7.91E-06
586.5927603	7.62E-06
586.7117885	7.74E-06
586.8308193	7.27E-06
586.9498528	7.59E-06
587.0688889	7.52E-06
587.1879277	7.58E-06
587.3069691	7.77E-06
587.4260132	8.21E-06
587.5450599	8.11E-06
587.6641092	7.43E-06
587.7831612	6.62E-06
587.9022159	6.13E-06
588.0212731	7.03E-06
588.140333	6.97E-06
588.2593955	7.03E-06
588.3784607	6.91E-06
588.4975285	6.80E-06
588.6165989	8.29E-06
588.735672	7.90E-06
588.8547476	7.64E-06
588.9738259	6.18E-06
589.0929069	6.83E-06
589.2119904	7.15E-06
589.3310766	8.21E-06
589.4501653	8.29E-06
589.5692567	8.87E-06
589.6883507	8.71E-06
589.8074474	7.64E-06
589.9265466	6.71E-06
590.0456484	6.26E-06
590.1647529	6.07E-06
590.2838599	6.65E-06
590.4029696	7.28E-06
590.5220819	8.14E-06
590.6411967	8.19E-06
590.7603142	7.67E-06
590.8794343	8.60E-06
590.998557	7.64E-06
591.1176822	6.96E-06
591.2368101	5.40E-06
591.3559405	7.12E-06
591.4750736	7.66E-06
591.5942092	7.70E-06
591.7133474	6.38E-06
591.8324882	7.20E-06
591.9516316	8.47E-06
592.0707776	7.93E-06
592.1899261	7.35E-06
592.3090773	7.52E-06
592.428231	9.26E-06
592.5473873	9.49E-06
592.6665462	9.78E-06
592.7857076	8.78E-06
592.9048716	8.92E-06
593.0240382	7.43E-06
593.1432074	7.52E-06
593.2623791	6.91E-06
593.3815534	7.91E-06
593.5007303	8.37E-06
593.6199097	1.01E-05
593.7390917	1.03E-05
593.8582762	9.78E-06
593.9774633	7.99E-06
594.096653	6.70E-06
594.2158452	6.47E-06
594.33504	7.35E-06
594.4542373	8.56E-06
594.5734372	9.78E-06
594.6926396	8.89E-06
594.8118446	8.99E-06
594.9310521	7.75E-06
595.0502622	7.52E-06
595.1694748	7.03E-06
595.2886899	6.78E-06
595.4079076	7.36E-06
595.5271279	6.88E-06
595.6463506	7.83E-06
595.7655759	6.75E-06
595.8848038	7.67E-06
596.0040342	6.97E-06
596.1232671	7.50E-06
596.2425025	6.97E-06
596.3617405	7.38E-06
596.4809809	8.55E-06
596.600224	7.82E-06
596.7194695	9.03E-06
596.8387175	9.05E-06
596.9579681	9.36E-06
597.0772212	7.15E-06
597.1964768	6.96E-06
597.315735	7.30E-06
597.4349956	9.58E-06
597.5542588	1.03E-05
597.6735245	1.02E-05
597.7927926	1.08E-05
597.9120633	9.86E-06
598.0313365	8.76E-06
598.1506122	7.44E-06
598.2698904	7.48E-06
598.3891711	1.08E-05
598.5084543	9.54E-06
598.62774	1.06E-05
598.7470282	7.75E-06
598.8663189	9.33E-06
598.9856121	7.93E-06
599.1049078	7.56E-06
599.224206	6.62E-06
599.3435067	7.98E-06
599.4628098	8.99E-06
599.5821154	9.94E-06
599.7014236	8.64E-06
599.8207342	8.40E-06
599.9400473	8.62E-06
600.0593628	8.76E-06
600.1786809	8.64E-06
600.2980014	8.64E-06
600.4173244	9.34E-06
600.5366499	1.12E-05
600.6559778	1.01E-05
600.7753083	9.57E-06
600.8946412	7.54E-06
601.0139765	8.17E-06
601.1333143	7.46E-06
601.2526546	7.46E-06
601.3719974	7.83E-06
601.4913426	9.21E-06
601.6106903	9.86E-06
601.7300404	9.81E-06
601.849393	1.02E-05
601.9687481	1.09E-05
602.0881056	9.76E-06
602.2074655	8.76E-06
602.3268279	8.47E-06
602.4461928	1.01E-05
602.5655601	1.03E-05
602.6849298	1.12E-05
602.804302	9.46E-06
602.9236766	9.21E-06
603.0430537	7.07E-06
603.1624332	7.54E-06
603.2818152	6.32E-06
603.4011996	8.06E-06
603.5205864	9.46E-06
603.6399757	9.96E-06
603.7593674	9.33E-06
603.8787615	7.87E-06
603.9981581	7.28E-06
604.1175571	5.76E-06
604.2369585	6.38E-06
604.3563623	8.34E-06
604.4757686	1.07E-05
604.5951773	1.06E-05
604.7145884	9.49E-06
604.8340019	7.50E-06
604.9534178	6.60E-06
605.0728362	7.28E-06
605.1922569	7.52E-06
605.3116801	8.45E-06
605.4311057	8.27E-06
605.5505337	8.76E-06
605.6699641	8.01E-06
605.7893969	7.80E-06
605.9088322	7.35E-06
606.0282698	7.22E-06
606.1477098	7.75E-06
606.2671522	7.99E-06
606.3865971	8.62E-06
606.5060443	9.96E-06
606.6254939	1.03E-05
606.7449459	1.07E-05
606.8644003	8.03E-06
606.9838571	8.62E-06
607.1033163	8.47E-06
607.2227779	9.10E-06
607.3422418	9.11E-06
607.4617082	9.70E-06
607.5811769	1.05E-05
607.700648	1.04E-05
607.8201215	9.31E-06
607.9395974	8.05E-06
608.0590756	6.70E-06
608.1785562	6.18E-06
608.2980392	7.72E-06
608.4175246	9.83E-06
608.5370123	1.03E-05
608.6565024	1.08E-05
608.7759949	9.18E-06
608.8954897	9.31E-06
609.0149869	7.56E-06
609.1344865	7.25E-06
609.2539884	7.48E-06
609.3734927	8.87E-06
609.4929994	1.00E-05
609.6125084	1.03E-05
609.7320197	9.76E-06
609.8515334	9.33E-06
609.9710495	9.34E-06
610.0905679	8.84E-06
610.2100887	8.87E-06
610.3296118	9.13E-06
610.4491373	9.15E-06
610.5686651	6.15E-06
610.6881952	1.67E-05
610.8077277	1.40E-05
610.9272625	2.87E-05
611.0467997	1.47E-05
611.1663392	2.86E-05
611.285881	1.40E-05
611.4054252	2.91E-05
611.5249717	1.55E-05
611.6445206	2.91E-05
611.7640717	1.39E-05
611.8836252	2.75E-05
612.003181	1.39E-05
612.1227392	2.71E-05
612.2422997	1.34E-05
612.3618624	2.83E-05
612.4814276	1.52E-05
612.600995	3.02E-05
612.7205647	1.52E-05
612.8401368	2.90E-05
612.9597112	1.40E-05
613.0792878	2.79E-05
613.1988668	1.41E-05
613.3184482	2.69E-05
613.4380318	1.32E-05
613.5576177	2.68E-05
613.6772059	1.41E-05
613.7967964	2.76E-05
613.9163893	1.39E-05
614.0359844	2.61E-05
614.1555818	1.24E-05
614.2751815	2.63E-05
614.3947836	1.40E-05
614.5143879	2.94E-05
614.6339945	1.56E-05
614.7536034	3.19E-05
614.8732146	1.64E-05
614.992828	3.07E-05
615.1124438	1.46E-05
615.2320618	2.89E-05
615.3516822	1.46E-05
615.4713048	2.99E-05
615.5909297	1.56E-05
615.7105568	2.93E-05
615.8301863	1.40E-05
615.949818	2.83E-05
616.069452	1.47E-05
616.1890882	2.86E-05
616.3087268	1.42E-05
616.4283676	2.83E-05
616.5480107	1.42E-05
616.667656	2.86E-05
616.7873036	1.45E-05
616.9069535	2.76E-05
617.0266056	1.32E-05
617.14626	2.74E-05
617.2659166	1.43E-05
617.3855755	2.85E-05
617.5052367	1.43E-05
617.6249001	2.89E-05
617.7445657	1.48E-05
617.8642336	2.79E-05
617.9839038	1.32E-05
618.1035762	2.60E-05
618.2232509	1.31E-05
618.3429278	2.70E-05
618.4626069	1.41E-05
618.5822883	2.77E-05
618.7019719	1.39E-05
618.8216578	2.68E-05
618.9413459	1.30E-05
619.0610362	2.67E-05
619.1807288	1.40E-05
619.3004236	2.80E-05
619.4201206	1.43E-05
619.5398199	2.93E-05
619.6595214	1.54E-05
619.7792251	2.83E-05
619.898931	1.31E-05
620.0186392	2.63E-05
620.1383495	1.33E-05
620.2580621	2.67E-05
620.377777	1.36E-05
620.497494	2.94E-05
620.6172132	1.61E-05
620.7369347	2.91E-05
620.8566584	1.34E-05
620.9763843	2.79E-05
621.0961124	1.48E-05
621.2158427	2.93E-05
621.3355752	1.47E-05
621.4553099	2.77E-05
621.5750468	1.32E-05
621.6947859	2.79E-05
621.8145272	1.51E-05
621.9342707	2.96E-05
622.0540165	1.49E-05
622.1737644	2.82E-05
622.2935145	1.36E-05
622.4132668	2.82E-05
622.5330212	1.47E-05
622.6527779	2.94E-05
622.7725368	1.48E-05
622.8922978	2.99E-05
623.012061	1.53E-05
623.1318264	2.73E-05
623.251594	1.25E-05
623.3713638	2.64E-05
623.4911358	1.46E-05
623.6109099	2.93E-05
623.7306862	1.53E-05
623.8504647	2.80E-05
623.9702453	1.28E-05
624.0900281	2.72E-05
624.2098131	1.43E-05
624.3296003	2.78E-05
624.4493896	1.34E-05
624.5691811	2.92E-05
624.6889747	1.59E-05
624.8087705	3.02E-05
624.9285685	1.44E-05
625.0483686	2.75E-05
625.1681709	1.32E-05
625.2879753	2.67E-05
625.4077819	1.36E-05
625.5275906	2.69E-05
625.6474015	1.34E-05
625.7672146	2.57E-05
625.8870298	1.24E-05
626.0068471	2.56E-05
626.1266666	1.32E-05
626.2464882	2.71E-05
626.366312	1.40E-05
626.4861379	2.88E-05
626.6059659	1.49E-05
626.7257961	2.94E-05
626.8456284	1.47E-05
626.9654628	2.97E-05
627.0852994	1.52E-05
627.2051381	2.78E-05
627.3249789	1.29E-05
627.4448219	2.82E-05
627.564667	1.55E-05
627.6845142	2.79E-05
627.8043635	1.26E-05
627.924215	2.63E-05
628.0440686	1.39E-05
628.1639243	2.71E-05
628.2837821	1.33E-05
628.403642	2.75E-05
628.523504	1.44E-05
628.6433682	2.79E-05
628.7632344	1.38E-05
628.8831028	2.79E-05
629.0029733	1.44E-05
629.1228458	2.82E-05
629.2427205	1.38E-05
629.3625973	2.70E-05
629.4824762	1.32E-05
629.6023572	2.79E-05
629.7222403	1.50E-05
629.8421255	2.92E-05
629.9620127	1.44E-05
630.0819021	2.75E-05
630.2017936	1.34E-05
630.3216871	2.77E-05
630.4415828	1.44E-05
630.5614805	2.82E-05
630.6813803	1.42E-05
630.8012822	2.89E-05
630.9211862	1.52E-05
631.0410922	2.99E-05
631.1610004	1.52E-05
631.2809106	2.79E-05
631.4008229	1.30E-05
631.5207372	2.66E-05
631.6406537	1.39E-05
631.7605722	2.77E-05
631.8804928	1.39E-05
632.0004154	2.86E-05
632.1203401	1.48E-05
632.2402669	2.65E-05
632.3601958	1.18E-05
632.4801267	2.59E-05
632.6000597	1.43E-05
632.7199947	2.80E-05
632.8399318	1.38E-05
632.9598709	2.86E-05
633.0798121	1.51E-05
633.1997554	2.81E-05
633.3197007	1.32E-05
633.439648	2.71E-05
633.5595974	1.40E-05
633.6795489	2.65E-05
633.7995024	1.25E-05
633.9194579	2.65E-05
634.0394155	1.41E-05
634.1593751	2.77E-05
634.2793368	1.37E-05
634.3993005	2.72E-05
634.5192662	1.36E-05
634.639234	2.76E-05
634.7592038	1.41E-05
634.8791756	2.73E-05
634.9991495	1.34E-05
635.1191254	2.77E-05
635.2391033	1.44E-05
635.3590833	2.93E-05
635.4790652	1.50E-05
635.5990492	2.90E-05
635.7190352	1.40E-05
635.8390233	2.69E-05
635.9590133	1.35E-05
636.0790054	2.82E-05
636.1989995	1.53E-05
636.3189955	2.82E-05
636.4389937	1.36E-05
636.5589938	2.86E-05
636.6789959	1.52E-05
636.799	3.04E-05
636.9190062	1.53E-05
637.0390143	2.99E-05
637.1590244	1.46E-05
637.2790366	2.86E-05
637.3990507	1.40E-05
637.5190669	2.75E-05
637.639085	1.36E-05
637.7591051	2.76E-05
637.8791272	1.41E-05
637.9991514	2.82E-05
638.1191775	1.42E-05
638.2392056	2.75E-05
638.3592356	1.35E-05
638.4792677	2.70E-05
638.5993017	1.37E-05
638.7193378	2.88E-05
638.8393758	1.54E-05
638.9594158	3.00E-05
639.0794577	1.48E-05
639.1995017	2.94E-05
639.3195476	1.46E-05
639.4395955	2.76E-05
639.5596454	1.30E-05
639.6796972	2.65E-05
639.799751	1.36E-05
639.9198068	2.88E-05
640.0398645	1.53E-05
640.1599242	3.03E-05
640.2799859	1.51E-05
640.4000495	2.89E-05
640.5201151	1.40E-05
640.6401826	2.81E-05
640.7602521	1.43E-05
640.8803235	2.79E-05
641.0003969	1.38E-05
641.1204723	2.81E-05
641.2405496	1.72E-05
641.3606288	2.04E-05
641.48071	9.66E-06
641.6007932	9.60E-06
641.7208782	9.07E-06
641.8409653	8.70E-06
641.9610542	8.58E-06
642.0811451	8.47E-06
642.201238	8.13E-06
642.3213328	8.06E-06
642.4414295	8.60E-06
642.5615281	8.13E-06
642.6816287	8.24E-06
642.8017312	8.30E-06
642.9218357	9.70E-06
643.041942	9.66E-06
643.1620503	9.91E-06
643.2821605	8.13E-06
643.4022726	9.31E-06
643.5223867	8.58E-06
643.6425027	9.07E-06
643.7626206	8.78E-06
643.8827404	9.76E-06
644.0028621	1.02E-05
644.1229857	1.05E-05
644.2431113	9.42E-06
644.3632387	9.49E-06
644.4833681	9.36E-06
644.6034994	1.09E-05
644.7236325	1.03E-05
644.8437676	1.12E-05
644.9639046	1.02E-05
645.0840435	1.05E-05
645.2041843	8.37E-06
645.3243269	7.07E-06
645.4444715	6.44E-06
645.564618	7.70E-06
645.6847663	8.42E-06
645.8049166	9.99E-06
645.9250687	9.89E-06
646.0452228	1.02E-05
646.1653787	9.23E-06
646.2855365	8.30E-06
646.4056962	7.46E-06
646.5258577	7.54E-06
646.6460212	7.80E-06
646.7661865	9.18E-06
646.8863537	9.64E-06
647.0065228	9.76E-06
647.1266937	8.97E-06
647.2468665	8.79E-06
647.3670412	8.47E-06
647.4872178	9.80E-06
647.6073962	9.83E-06
647.7275765	9.88E-06
647.8477587	9.70E-06
647.9679427	9.23E-06
648.0881286	8.60E-06
648.2083164	8.50E-06
648.328506	8.50E-06
648.4486975	9.05E-06
648.5688908	8.71E-06
648.689086	9.54E-06
648.809283	9.57E-06
648.9294819	9.72E-06
649.0496826	1.02E-05
649.1698852	1.09E-05
649.2900896	9.46E-06
649.4102959	7.99E-06
649.530504	6.54E-06
649.6507139	7.99E-06
649.7709257	8.68E-06
649.8911394	9.34E-06
650.0113549	9.64E-06
650.1315722	9.58E-06
650.2517913	1.00E-05
650.3720123	8.32E-06
650.4922351	7.36E-06
650.6124597	7.17E-06
650.7326862	7.44E-06
650.8529145	9.07E-06
650.9731446	9.05E-06
651.0933765	9.70E-06
651.2136103	9.13E-06
651.3338459	9.36E-06
651.4540833	9.26E-06
651.5743225	9.58E-06
651.6945635	9.33E-06
651.8148063	9.76E-06
651.935051	9.76E-06
652.0552975	1.11E-05
652.1755458	1.05E-05
652.2957958	1.02E-05
652.4160477	9.44E-06
652.5363014	9.58E-06
652.6565569	1.00E-05
652.7768142	9.15E-06
652.8970733	9.94E-06
653.0173342	9.66E-06
653.1375969	1.05E-05
653.2578614	9.26E-06
653.3781277	8.40E-06
653.4983958	8.05E-06
653.6186657	7.36E-06
653.7389373	7.54E-06
653.8592108	7.75E-06
653.979486	8.97E-06
654.099763	8.34E-06
654.2200418	7.20E-06
654.3403224	6.52E-06
654.4606048	7.59E-06
654.5808889	7.99E-06
654.7011749	7.56E-06
654.8214626	7.77E-06
654.941752	8.79E-06
655.0620433	1.03E-05
655.1823363	1.08E-05
655.3026311	9.42E-06
655.4229276	9.02E-06
655.5432259	7.58E-06
655.663526	8.03E-06
655.7838279	8.30E-06
655.9041315	8.55E-06
656.0244368	8.24E-06
656.144744	8.17E-06
656.2650528	8.09E-06
656.3853635	8.06E-06
656.5056759	7.30E-06
656.62599	7.28E-06
656.7463059	8.48E-06
656.8666236	9.31E-06
656.986943	1.01E-05
657.1072641	9.89E-06
657.227587	9.57E-06
657.3479116	9.66E-06
657.468238	9.07E-06
657.5885661	9.21E-06
657.7088959	8.11E-06
657.8292275	9.36E-06
657.9495608	8.40E-06
658.0698959	1.04E-05
658.1902327	8.84E-06
658.3105712	8.48E-06
658.4309114	6.52E-06
658.5512534	6.65E-06
658.6715971	8.56E-06
658.7919425	9.39E-06
658.9122897	1.03E-05
659.0326385	9.83E-06
659.1529891	9.18E-06
659.2733414	7.59E-06
659.3936955	6.42E-06
659.5140512	6.42E-06
659.6344087	7.72E-06
659.7547678	9.83E-06
659.8751287	1.02E-05
659.9954913	1.10E-05
660.1158556	1.04E-05
660.2362216	1.03E-05
660.3565893	9.21E-06
660.4769587	8.66E-06
660.5973298	8.50E-06
660.7177026	8.39E-06
660.8380771	8.87E-06
660.9584533	1.00E-05
661.0788312	1.06E-05
661.1992108	1.02E-05
661.3195921	9.78E-06
661.4399751	1.02E-05
661.5603597	9.99E-06
661.6807461	1.01E-05
661.8011341	8.95E-06
661.9215239	9.50E-06
662.0419153	9.39E-06
662.1623083	1.15E-05
662.2827031	1.10E-05
662.4030996	9.89E-06
662.5234977	7.03E-06
662.6438975	6.65E-06
662.764299	7.12E-06
662.8847021	8.37E-06
663.0051069	8.79E-06
663.1255134	9.72E-06
663.2459216	8.37E-06
663.3663314	7.87E-06
663.4867429	6.63E-06
663.607156	7.48E-06
663.7275708	7.66E-06
663.8479873	8.95E-06
663.9684054	8.60E-06
664.0888252	9.25E-06
664.2092466	8.21E-06
664.3296697	8.76E-06
664.4500945	8.45E-06
664.5705208	8.70E-06
664.6909489	8.30E-06
664.8113786	8.19E-06
664.9318099	9.29E-06
665.0522429	1.02E-05
665.1726775	1.06E-05
665.2931138	9.66E-06
665.4135517	8.82E-06
665.5339912	8.97E-06
665.6544324	8.13E-06
665.7748752	9.29E-06
665.8953197	8.78E-06
666.0157658	1.00E-05
666.1362135	9.66E-06
666.2566628	1.03E-05
666.3771138	9.73E-06
666.4975664	9.97E-06
666.6180206	9.15E-06
666.7384764	8.89E-06
666.8589339	9.21E-06
666.979393	9.66E-06
667.0998537	1.01E-05
667.220316	8.71E-06
667.3407799	8.48E-06
667.4612455	8.82E-06
667.5817126	8.92E-06
667.7021814	8.27E-06
667.8226518	7.27E-06
667.9431237	7.80E-06
668.0635973	9.03E-06
668.1840725	9.64E-06
668.3045493	9.39E-06
668.4250277	8.17E-06
668.5455077	7.35E-06
668.6659893	7.36E-06
668.7864725	8.09E-06
668.9069573	8.86E-06
669.0274437	9.33E-06
669.1479317	9.54E-06
669.2684212	9.76E-06
669.3889124	9.11E-06
669.5094051	8.27E-06
669.6298994	8.09E-06
669.7503954	7.70E-06
669.8708929	9.52E-06
669.9913919	9.11E-06
670.1118926	9.86E-06
670.2323948	8.94E-06
670.3528986	8.17E-06
670.473404	8.82E-06
670.593911	7.62E-06
670.7144195	8.19E-06
670.8349296	6.68E-06
670.9554413	8.17E-06
671.0759545	8.32E-06
671.1964693	8.22E-06
671.3169857	8.21E-06
671.4375036	8.05E-06
671.5580231	9.36E-06
671.6785441	8.58E-06
671.7990667	8.66E-06
671.9195909	7.44E-06
672.0401166	4.79E-06
672.1606439	1.61E-05
672.2811727	1.42E-05
672.4017031	2.79E-05
672.522235	1.42E-05
672.6427685	2.66E-05
672.7633035	1.27E-05
672.8838401	2.60E-05
673.0043782	1.36E-05
673.1249178	2.78E-05
673.245459	1.44E-05
673.3660017	2.77E-05
673.486546	1.35E-05
673.6070918	2.78E-05
673.7276391	1.43E-05
673.848188	2.92E-05
673.9687384	1.49E-05
674.0892903	2.92E-05
674.2098437	1.44E-05
674.3303987	2.87E-05
674.4509552	1.46E-05
674.5715132	2.86E-05
674.6920727	1.44E-05
674.8126338	2.72E-05
674.9331964	1.32E-05
675.0537605	2.65E-05
675.1743261	1.39E-05
675.2948932	2.73E-05
675.4154618	1.38E-05
675.536032	2.78E-05
675.6566036	1.42E-05
675.7771768	2.75E-05
675.8977515	1.35E-05
676.0183276	2.88E-05
676.1389053	1.55E-05
676.2594845	2.94E-05
676.3800651	1.41E-05
676.5006473	2.77E-05
676.621231	1.37E-05
676.7418161	2.74E-05
676.8624028	1.38E-05
676.9829909	2.72E-05
677.1035806	1.36E-05
677.2241717	2.94E-05
677.3447643	1.60E-05
677.4653584	3.04E-05
677.585954	1.46E-05
677.7065511	2.85E-05
677.8271496	1.40E-05
677.9477496	2.92E-05
678.0683511	1.52E-05
678.1889541	3.03E-05
678.3095586	1.52E-05
678.4301645	2.85E-05
678.5507719	1.34E-05
678.6713807	2.69E-05
678.7919911	1.35E-05
678.9126029	2.67E-05
679.0332162	1.32E-05
679.1538309	2.66E-05
679.2744471	1.35E-05
679.3950647	2.71E-05
679.5156839	1.37E-05
679.6363044	2.64E-05
679.7569265	1.28E-05
679.87755	2.73E-05
679.9981749	1.46E-05
680.1188013	2.86E-05
680.2394291	1.42E-05
680.3600584	2.78E-05
680.4806892	1.38E-05
680.6013213	2.84E-05
680.721955	1.48E-05
680.84259	2.89E-05
680.9632265	1.42E-05
681.0838645	2.75E-05
681.2045039	1.34E-05
681.3251447	2.88E-05
681.4457869	1.56E-05
681.5664306	2.94E-05
681.6870758	1.40E-05
681.8077223	2.88E-05
681.9283703	1.49E-05
682.0490197	3.05E-05
682.1696705	1.58E-05
682.2903228	3.05E-05
682.4109765	1.49E-05
682.5316316	2.87E-05
682.6522881	1.40E-05
682.772946	2.73E-05
682.8936054	1.37E-05
683.0142661	2.63E-05
683.1349283	1.31E-05
683.2555919	2.67E-05
683.3762569	1.43E-05
683.4969233	2.81E-05
683.6175911	1.41E-05
683.7382604	2.88E-05
683.858931	1.50E-05
683.979603	3.06E-05
684.1002765	1.57E-05
684.2209513	2.95E-05
684.3416275	1.41E-05
684.4623051	2.81E-05
684.5829841	1.45E-05
684.7036646	2.70E-05
684.8243464	1.28E-05
684.9450295	2.68E-05
685.0657141	1.41E-05
685.1864001	2.82E-05
685.3070874	1.40E-05
685.4277762	2.72E-05
685.5484663	1.34E-05
685.6691578	2.86E-05
685.7898507	1.55E-05
685.9105449	3.19E-05
686.0312406	1.67E-05
686.1519376	3.16E-05
686.272636	1.50E-05
686.3933357	2.91E-05
686.5140368	1.41E-05
686.6347393	2.78E-05
686.7554432	1.39E-05
686.8761484	2.80E-05
686.996855	1.43E-05
687.1175629	2.69E-05
687.2382722	1.28E-05
687.3589829	2.74E-05
687.4796949	1.48E-05
687.6004083	2.90E-05
687.721123	1.43E-05
687.8418391	2.83E-05
687.9625566	1.43E-05
688.0832754	2.95E-05
688.2039955	1.54E-05
688.324717	2.94E-05
688.4454398	1.43E-05
688.566164	2.90E-05
688.6868895	1.49E-05
688.8076164	2.98E-05
688.9283446	1.51E-05
689.0490741	2.76E-05
689.169805	1.26E-05
689.2905372	2.87E-05
689.4112707	1.61E-05
689.5320056	3.09E-05
689.6527418	1.48E-05
689.7734793	2.88E-05
689.8942181	1.41E-05
690.0149583	2.78E-05
690.1356998	1.38E-05
690.2564426	2.78E-05
690.3771868	1.41E-05
690.4979322	2.89E-05
690.618679	1.49E-05
690.7394271	2.83E-05
690.8601765	1.35E-05
690.9809273	2.77E-05
691.1016793	1.43E-05
691.2224326	2.90E-05
691.3431873	1.49E-05
691.4639433	3.03E-05
691.5847005	1.58E-05
691.7054591	3.11E-05
691.826219	1.56E-05
691.9469801	3.12E-05
692.0677426	1.60E-05
692.1885064	3.14E-05
692.3092714	1.57E-05
692.4300378	2.99E-05
692.5508054	1.45E-05
692.6715744	2.75E-05
692.7923446	1.32E-05
692.9131161	2.72E-05
693.0338889	1.42E-05
693.154663	2.73E-05
693.2754384	1.34E-05
693.3962151	2.71E-05
693.516993	1.40E-05
693.6377722	2.75E-05
693.7585527	1.37E-05
693.8793345	2.74E-05
694.0001175	1.38E-05
694.1209018	2.82E-05
694.2416874	1.44E-05
694.3624743	2.91E-05
694.4832624	1.48E-05
694.6040518	2.93E-05
694.7248424	1.47E-05
694.8456344	2.77E-05
694.9664275	1.33E-05
695.087222	2.56E-05
695.2080177	1.26E-05
695.3288147	2.69E-05
695.4496129	1.46E-05
695.5704123	2.86E-05
695.6912131	1.42E-05
695.812015	2.69E-05
695.9328183	1.28E-05
696.0536227	2.75E-05
696.1744284	1.48E-05
696.2952354	2.95E-05
696.4160436	1.51E-05
696.5368531	2.94E-05
696.6576637	1.46E-05
696.7784757	2.80E-05
696.8992888	1.38E-05
697.0201032	2.73E-05
697.1409189	1.38E-05
697.2617357	2.71E-05
697.3825538	1.36E-05
697.5033732	2.83E-05
697.6241937	1.52E-05
697.7450155	2.85E-05
697.8658385	1.34E-05
697.9866627	2.74E-05
698.1074882	1.42E-05
698.2283149	2.79E-05
698.3491427	1.38E-05
698.4699718	2.78E-05
698.5908022	1.43E-05
698.7116337	2.91E-05
698.8324665	1.51E-05
698.9533004	2.82E-05
699.0741356	1.34E-05
699.194972	2.54E-05
699.3158096	1.22E-05
699.4366483	2.53E-05
699.5574883	1.32E-05
699.6783295	2.72E-05
699.7991719	1.40E-05
699.9200155	2.91E-05
700.0408603	1.51E-05
700.1617063	2.92E-05
700.2825535	1.43E-05
700.4034019	2.81E-05
700.5242514	1.40E-05
700.6451022	2.85E-05
700.7659541	1.46E-05
700.8868072	2.83E-05
701.0076616	1.38E-05
701.1285171	2.80E-05
701.2493737	1.45E-05
701.3702316	2.85E-05
701.4910906	1.43E-05
701.6119508	2.88E-05
701.7328122	1.48E-05
701.8536748	2.99E-05
701.9745385	1.51E-05
702.0954034	2.92E-05
702.2162695	1.42E-05
702.3371368	2.76E-05
702.4580052	1.36E-05
702.5788748	2.58E-05
702.6997455	1.25E-05
702.8206174	2.66E-05
702.9414905	1.75E-05
703.0623647	2.17E-05
703.1832401	1.02E-05
703.3041166	9.18E-06
703.4249943	8.39E-06
703.5458731	8.47E-06
703.6667531	9.57E-06
703.7876342	1.03E-05
703.9085165	9.97E-06
704.0294	8.55E-06
704.1502845	8.03E-06
704.2711703	7.30E-06
704.3920571	9.81E-06
704.5129451	9.78E-06
704.6338343	1.12E-05
704.7547245	9.72E-06
704.875616	8.39E-06
704.9965085	7.50E-06
705.1174022	7.62E-06
705.238297	8.45E-06
705.3591929	9.23E-06
705.48009	8.58E-06
705.6009882	8.42E-06
705.7218875	7.85E-06
705.842788	8.62E-06
705.9636895	8.47E-06
706.0845922	8.76E-06
706.205496	7.82E-06
706.3264009	7.62E-06
706.447307	7.64E-06
706.5682141	8.34E-06
706.6891224	9.49E-06
706.8100317	9.99E-06
706.9309422	9.58E-06
707.0518538	7.56E-06
707.1727665	7.20E-06
707.2936803	7.36E-06
707.4145952	8.71E-06
707.5355112	8.86E-06
707.6564283	8.24E-06
707.7773465	8.21E-06
707.8982658	8.48E-06
708.0191862	9.46E-06
708.1401077	8.99E-06
708.2610303	8.97E-06
708.3819539	8.48E-06
708.5028787	9.33E-06
708.6238046	1.00E-05
708.7447315	1.01E-05
708.8656595	9.68E-06
708.9865886	8.39E-06
709.1075188	8.71E-06
709.2284501	9.41E-06
709.3493824	1.00E-05
709.4703158	9.97E-06
709.5912503	8.86E-06
709.7121859	8.47E-06
709.8331225	9.17E-06
709.9540602	9.68E-06
710.074999	9.44E-06
710.1959389	9.76E-06
710.3168798	1.03E-05
710.4378218	9.72E-06
710.5587648	8.74E-06
710.6797089	8.32E-06
710.8006541	9.05E-06
710.9216003	8.84E-06
711.0425476	9.02E-06
711.1634959	9.25E-06
711.2844453	9.26E-06
711.4053957	9.07E-06
711.5263472	8.87E-06
711.6472998	9.21E-06
711.7682533	9.81E-06
711.889208	1.01E-05
712.0101637	9.81E-06
712.1311204	9.76E-06
712.2520781	9.49E-06
712.3730369	1.00E-05
712.4939968	9.13E-06
712.6149576	8.82E-06
712.7359196	8.66E-06
712.8568825	8.97E-06
712.9778465	9.31E-06
713.0988115	8.56E-06
713.2197775	8.62E-06
713.3407446	8.47E-06
713.4617127	8.64E-06
713.5826818	9.58E-06
713.7036519	8.55E-06
713.8246231	9.78E-06
713.9455953	8.34E-06
714.0665685	9.10E-06
714.1875427	7.82E-06
714.3085179	8.78E-06
714.4294942	9.29E-06
714.5504714	9.73E-06
714.6714497	9.15E-06
714.792429	9.23E-06
714.9134092	8.78E-06
715.0343905	7.52E-06
715.1553728	7.87E-06
715.2763561	9.33E-06
715.3973404	1.00E-05
715.5183257	1.04E-05
715.639312	9.31E-06
715.7602993	1.00E-05
715.8812876	9.39E-06
716.0022769	1.03E-05
716.1232671	9.62E-06
716.2442584	9.76E-06
716.3652506	9.66E-06
716.4862439	9.17E-06
716.6072381	8.01E-06
716.7282333	6.96E-06
716.8492295	8.11E-06
716.9702267	9.88E-06
717.0912248	9.97E-06
717.212224	1.01E-05
717.3332241	9.94E-06
717.4542252	1.02E-05
717.5752272	9.52E-06
717.6962302	8.39E-06
717.8172342	7.70E-06
717.9382392	9.05E-06
718.0592451	9.10E-06
718.180252	9.73E-06
718.3012599	7.52E-06
718.4222687	8.32E-06
718.5432785	7.28E-06
718.6642893	8.89E-06
718.785301	8.92E-06
718.9063136	9.50E-06
719.0273273	8.94E-06
719.1483418	8.09E-06
719.2693574	8.52E-06
719.3903738	8.11E-06
719.5113913	8.40E-06
719.6324096	8.58E-06
719.7534289	9.49E-06
719.8744492	1.01E-05
719.9954704	9.78E-06
720.1164925	1.00E-05
720.2375156	9.72E-06
720.3585397	9.62E-06
720.4795646	8.17E-06
720.6005905	8.39E-06
720.7216173	8.32E-06
720.8426451	8.99E-06
720.9636738	9.03E-06
721.0847034	9.91E-06
721.2057339	9.97E-06
721.3267654	8.39E-06
721.4477978	7.28E-06
721.5688311	6.81E-06
721.6898654	7.17E-06
721.8109005	7.54E-06
721.9319366	7.54E-06
722.0529736	7.90E-06
722.1740115	8.34E-06
722.2950503	9.10E-06
722.4160901	9.23E-06
722.5371307	8.79E-06
722.6581722	8.82E-06
722.7792147	9.29E-06
722.9002581	8.86E-06
723.0213023	8.48E-06
723.1423475	8.24E-06
723.2633936	8.37E-06
723.3844406	8.78E-06
723.5054884	8.19E-06
723.6265372	8.24E-06
723.7475869	7.38E-06
723.8686374	8.29E-06
723.9896889	8.92E-06
724.1107412	9.50E-06
724.2317944	9.52E-06
724.3528485	8.48E-06
724.4739035	9.72E-06
724.5949594	9.39E-06
724.7160162	1.10E-05
724.8370738	9.76E-06
724.9581323	1.02E-05
725.0791918	8.97E-06
725.200252	9.05E-06
725.3213132	8.56E-06
725.4423752	9.10E-06
725.5634381	8.76E-06
725.6845019	8.97E-06
725.8055665	8.79E-06
725.926632	1.17E-05
726.0476984	1.16E-05
726.1687656	1.19E-05
726.2898337	9.15E-06
726.4109027	9.21E-06
726.5319725	8.52E-06
726.6530432	9.72E-06
726.7741147	8.60E-06
726.8951871	1.02E-05
727.0162603	9.15E-06
727.1373344	1.05E-05
727.2584094	1.00E-05
727.3794852	9.03E-06
727.5005618	7.56E-06
727.6216393	6.73E-06
727.7427176	7.28E-06
727.8637968	8.45E-06
727.9848768	8.14E-06
728.1059576	1.00E-05
728.2270393	1.04E-05
728.3481219	1.13E-05
728.4692052	9.46E-06
728.5902894	9.62E-06
728.7113744	7.59E-06
728.8324603	8.11E-06
728.953547	8.14E-06
729.0746345	9.83E-06
729.1957228	1.03E-05
729.316812	9.13E-06
729.437902	9.18E-06
729.5589928	9.07E-06
729.6800844	8.52E-06
729.8011768	8.39E-06
729.9222701	8.06E-06
730.0433641	1.00E-05
730.164459	1.02E-05
730.2855547	9.78E-06
730.4066512	8.27E-06
730.5277485	7.70E-06
730.6488467	8.01E-06
730.7699456	7.75E-06
730.8910453	8.47E-06
731.0121458	9.18E-06
731.1332472	1.00E-05
731.2543493	9.57E-06
731.3754522	9.60E-06
731.496556	1.05E-05
731.6176605	1.07E-05
731.7387658	9.21E-06
731.8598719	8.56E-06
731.9809788	8.24E-06
732.1020865	8.92E-06
732.2231949	8.66E-06
732.3443042	8.48E-06
732.4654142	9.42E-06
732.5865251	8.45E-06
732.7076367	9.02E-06
732.828749	8.24E-06
732.9498622	9.76E-06
733.0709761	9.44E-06
733.1920909	9.64E-06
733.3132063	9.54E-06
733.4343226	9.21E-06
733.5554396	8.97E-06
733.6765574	8.64E-06
733.797676	9.57E-06
733.9187953	6.78E-06
734.0399154	1.84E-05
734.1610362	1.49E-05
734.2821578	2.84E-05
734.4032802	1.38E-05
734.5244033	2.76E-05
734.6455272	1.40E-05
734.7666519	2.85E-05
734.8877773	1.48E-05
735.0089034	2.86E-05
735.1300303	1.41E-05
735.2511579	2.69E-05
735.3722863	1.32E-05
735.4934155	2.64E-05
735.6145453	1.36E-05
735.735676	2.73E-05
735.8568073	1.41E-05
735.9779394	3.02E-05
736.0990723	1.63E-05
736.2202058	2.99E-05
736.3413401	1.37E-05
736.4624752	2.77E-05
736.583611	1.41E-05
736.7047475	2.82E-05
736.8258847	1.42E-05
736.9470226	2.84E-05
737.0681613	1.43E-05
737.1893007	2.74E-05
737.3104409	1.31E-05
737.4315817	2.67E-05
737.5527233	1.36E-05
737.6738656	2.72E-05
737.7950086	1.37E-05
737.9161523	2.75E-05
738.0372967	1.40E-05
738.1584418	2.69E-05
738.2795877	1.30E-05
738.4007343	2.84E-05
738.5218815	1.59E-05
738.6430295	2.91E-05
738.7641782	1.36E-05
738.8853275	2.78E-05
739.0064776	1.47E-05
739.1276284	2.71E-05
739.2487799	1.28E-05
739.369932	2.62E-05
739.4910849	1.38E-05
739.6122385	2.63E-05
739.7333927	1.29E-05
739.8545476	2.52E-05
739.9757033	1.26E-05
740.0968596	2.75E-05
740.2180166	1.51E-05
740.3391743	2.97E-05
740.4603326	1.48E-05
740.5814917	2.84E-05
740.7026514	1.37E-05
740.8238118	2.74E-05
740.9449729	1.42E-05
741.0661346	2.85E-05
741.187297	1.48E-05
741.3084601	2.86E-05
741.4296239	1.43E-05
741.5507883	2.77E-05
741.6719534	1.35E-05
741.7931192	2.60E-05
741.9142856	1.26E-05
742.0354527	2.60E-05
742.1566204	1.35E-05
742.2777888	2.92E-05
742.3989579	1.58E-05
742.5201276	3.04E-05
742.641298	1.48E-05
742.762469	2.82E-05
742.8836407	1.36E-05
743.004813	2.83E-05
743.125986	1.49E-05
743.2471596	2.84E-05
743.3683339	1.36E-05
743.4895088	2.64E-05
743.6106844	1.29E-05
743.7318606	2.82E-05
743.8530374	1.54E-05
743.9742149	2.94E-05
744.095393	1.42E-05
744.2165717	2.96E-05
744.3377511	1.57E-05
744.4589311	3.16E-05
744.5801117	1.61E-05
744.701293	3.08E-05
744.8224749	1.49E-05
744.9436574	2.94E-05
745.0648405	1.47E-05
745.1860243	2.92E-05
745.3072087	1.47E-05
745.4283937	2.83E-05
745.5495793	2.06E-05