WAVELENGTH	NORM_INTENSITY
319.9775496	0.002109539
320.0861329	-0.001835161
320.1947225	0.001860847
320.3033183	-0.002251862
320.4119204	0.002242018
320.5205287	-0.002507118
320.6291433	0.00204177
320.7377641	-0.001760798
320.8463912	0.002507148
320.9550245	-0.002235829
321.0636641	0.001712172
321.1723099	-0.002090315
321.280962	0.002148391
321.3896203	-0.00163467
321.4982849	0.002077431
321.6069557	-0.002400486
321.7156327	0.002164546
321.824316	-0.001712384
321.9330055	0.002390753
322.0417013	-0.002277649
322.1504033	0.001990165
322.2591115	-0.002368298
322.367826	0.001928717
322.4765466	-0.002222814
322.5852736	0.002112891
322.6940067	-0.002668645
322.8027461	0.001654035
322.9114917	-0.002371337
323.0202435	0.002119303
323.1290015	-0.001524949
323.2377658	0.001686345
323.3465363	-0.001925567
323.455313	0.002645907
323.5640959	-0.002575028
323.672885	0.001831718
323.7816804	-0.002510359
323.8904819	0.001876961
323.9992897	-0.001841521
324.1081037	0.002132418
324.2169238	-0.002142061
324.3257502	0.00193842
324.4345828	-0.002449021
324.5434216	0.001799499
324.6522666	-0.00187061
324.7611178	0.001909159
324.8699752	-0.00241336
324.9788388	0.001641182
325.0877086	-0.002545819
325.1965846	0.002487732
325.3054668	-0.002048343
325.4143552	0.002003008
325.5232498	-0.001970689
325.6321505	0.002151602
325.7410575	-0.002103218
325.8499706	0.002171028
325.9588899	-0.002542608
326.0678154	0.002364905
326.1767471	-0.002700904
326.285685	0.001783233
326.394629	-0.002471517
326.5035792	0.002158094
326.6125357	-0.002028927
326.7214982	0.001922285
326.830467	-0.002778447
326.9394419	0.002481169
327.048423	-0.001915864
327.1574103	0.002361594
327.2664037	-0.002132358
327.3754033	0.002423032
327.4844091	-0.001764049
327.593421	0.00238416
327.7024391	-0.001857707
327.8114634	0.001796288
327.9204938	-0.001738303
328.0295304	0.002248621
328.1385731	-0.002171099
328.247622	0.001721885
328.356677	-0.002752599
328.4657382	0.001983572
328.5748056	-0.002342289
328.6838791	0.00170249
328.7929587	-0.001996658
328.9020445	0.002781587
329.0111364	-0.002067668
329.1202345	0.002665162
329.2293388	-0.002003008
329.3384491	0.001851275
329.4475656	-0.001977201
329.5566883	0.00210964
329.6658171	-0.002048302
329.774952	0.002099947
329.8840931	-0.002103319
329.9932403	0.002025676
330.1023936	-0.001909452
330.211553	0.001618596
330.3207186	-0.002558803
330.4298903	0.001427939
330.5390682	-0.002103198
330.6482521	0.002103128
330.7574422	-0.002707427
330.8666384	0.002025494
330.9758408	-0.002051554
331.0850492	0.002306647
331.1942638	-0.001650946
331.3034844	0.002261424
331.4127112	-0.002545849
331.5219442	0.001825246
331.6311832	-0.001709163
331.7404283	0.00244573
331.8496796	-0.002332646
331.9589369	0.001579754
332.0682004	-0.002348831
332.1774699	0.001928697
332.2867456	-0.002468397
332.3960274	0.001340643
332.5053152	-0.002474748
332.6146092	0.002287302
332.7239093	-0.001709052
332.8332154	0.002910815
332.9425277	-0.001945013
333.0518461	0.002167787
333.1611705	-0.002012863
333.270501	0.002061166
333.3798377	-0.001964318
333.4891804	0.002229155
333.5985292	-0.002113022
333.7078841	0.002180721
333.8172451	-0.001573484
333.9266121	0.001902849
334.0359853	-0.002361654
334.1453645	0.00245206
334.2547498	-0.00203866
334.3641411	0.002429403
334.4735386	-0.002190444
334.5829421	0.001909341
334.6923517	-0.00298856
334.8017674	0.001547464
334.9111891	-0.001773641
335.0206169	0.001919105
335.1300508	-0.002293895
335.2394907	0.001608883
335.3489367	-0.00279128
335.4583888	0.001721875
335.5678469	-0.001922376
335.6773111	0.001799368
335.7867814	-0.002132267
335.8962577	0.001954544
336.00574	-0.00262005
336.1152284	0.001576593
336.2247229	-0.002051584
336.3342234	0.002490852
336.44373	-0.002723561
336.5532426	0.002258163
336.6627613	-0.002248561
336.772286	0.001812413
336.8818167	-0.002510318
336.9913535	0.001902839
337.1008964	-0.002135488
337.2104453	0.002187153
337.3200002	-0.002487581
337.4295612	0.002406807
337.5391281	-0.002138628
337.6487012	0.002203267
337.7582802	-0.002012701
337.8678653	0.002161184
337.9774565	-0.001770541
338.0870536	0.002035399
338.1966568	-0.002025746
338.306266	0.002083772
338.4158812	-0.002371398
338.5255025	0.001961046
338.6351298	-0.002497435
338.7447631	0.002374517
338.8544024	-0.001282597
338.9640477	0.002355182
339.0736991	-0.001912623
339.1833565	0.001776842
339.2930199	-0.002623432
339.4026893	0.001647654
339.5123647	-0.001789796
339.6220461	0.00194158
339.7317335	-0.002662113
339.8414269	0.002442236
339.9511264	-0.00244892
340.0608318	0.00245207
340.1705433	-0.00220988
340.2802607	0.001796076
340.3899842	-0.002355243
340.4997136	0.001334222
340.609449	-0.002503796
340.7191905	0.00228081
340.8289379	-0.002271167
340.9386913	0.002503796
341.0484507	-0.001625159
341.1582161	0.00248441
341.2679875	-0.002700854
341.3777649	0.001392419
341.4875483	-0.002759082
341.5973376	0.002064306
341.7071329	-0.00231004
341.8169343	0.001747854
341.9267416	-0.001718695
342.0365548	0.002183851
342.1463741	-0.002164647
342.2561993	0.00218061
342.3660305	-0.002316481
342.4758677	0.001880303
342.5857108	-0.002633074
342.6955599	0.00221297
342.805415	-0.002235768
342.915276	0.002335797
343.0251431	-0.002943226
343.135016	0.002461824
343.244895	-0.002238888
343.3547799	0.002116092
343.4646707	-0.00176722
343.5745676	0.001815644
343.6844703	-0.002100078
343.7943791	0.002161295
343.9042938	-0.002125916
344.0142144	0.001880212
344.124141	-0.002103289
344.2340736	0.001980382
344.3440121	-0.002148442
344.4539565	0.0017704
344.5639069	-0.002820449
344.6738632	0.001589457
344.7838255	-0.001673522
344.8937937	0.002035207
345.0037679	-0.002187213
345.113748	0.002329264
345.223734	-0.002348791
345.333726	0.002603915
345.4437239	-0.001999889
345.5537277	0.001867308
345.6637375	-0.001615446
345.7737532	0.002397245
345.8837748	-0.002607186
345.9938024	0.002112881
346.1038359	-0.002264705
346.2138753	0.002542487
346.3239206	-0.002003089
346.4339719	0.002380989
346.5440291	-0.002442438
346.6540922	0.002190293
346.7641612	-0.002271258
346.8742361	0.001960855
346.984317	-0.002129036
347.0944037	0.001744603
347.2044964	-0.002445669
347.314595	0.002465105
347.4246995	-0.002290563
347.5348099	0.002025494
347.6449262	-0.002271198
347.7550484	0.002132166
347.8651766	-0.001967488
347.9753106	0.001847983
348.0854505	-0.001993457
348.1955963	0.002086943
348.305748	-0.00234551
348.4159057	0.001990155
348.5260692	-0.002293915
348.6362386	0.00190608
348.7464139	-0.001993356
348.8565951	0.001957715
348.9667822	-0.002164637
349.0769751	0.00187059
349.187174	-0.00193849
349.2973787	0.002174249
349.4075894	-0.001654126
349.5178059	0.002322832
349.6280283	-0.001957795
349.7382565	0.001557097
349.8484907	-0.002361775
349.9587307	0.002128965
350.0689766	-0.001731649
350.1792284	0.002022303
350.2894861	-0.002235869
350.3997496	0.002196835
350.510019	-0.002132469
350.6202942	0.001828456
350.7305754	-0.001751105
350.8408624	0.001624937
350.9511552	-0.00187058
351.0614539	0.00190609
351.1717585	-0.002574857
351.282069	0.002151551
351.3923853	-0.002364885
351.5027074	0.002054572
351.6130354	-0.001893207
351.7233693	0.002061145
351.833709	-0.002025716
351.9440546	0.001928747
352.0544061	-0.002061166
352.1647633	0.001851194
352.2751265	-0.003049867
352.3854954	0.002358373
352.4958702	-0.001831748
352.6062509	0.001993215
352.7166374	-0.002662183
352.8270297	0.002141919
352.9374279	-0.002132327
353.0478319	0.002129076
353.1582418	-0.002067739
353.2686575	0.001857606
353.379079	-0.002432705
353.4895064	0.001734718
353.5999396	-0.002523262
353.7103786	0.002300195
353.8208234	-0.002135488
353.9312741	0.001986854
354.0417306	-0.002374669
354.1521929	0.00167021
354.262661	-0.001957745
354.373135	0.002319541
354.4836148	-0.001767199
354.5941004	0.001983603
354.7045918	-0.002087054
354.815089	0.002597403
354.9255921	-0.001854465
355.0361009	0.001990105
355.1466156	-0.002015973
355.2571361	0.002507037
355.3676624	-0.001486157
355.4781945	0.002070737
355.5887324	-0.001957826
355.6992761	0.00156682
355.8098256	-0.002200117
355.9203809	0.002193655
356.030942	-0.00207731
356.1415089	0.001418206
356.2520816	-0.002222915
356.3626601	0.002096646
356.4732444	-0.001692918
356.5838345	0.002238717
356.6944304	-0.002148391
356.805032	0.002015912
356.9156395	-0.002187153
357.0262527	0.001757577
357.1368718	-0.002012752
357.2474966	0.002439167
357.3581272	-0.002119414
357.4687635	0.002313109
357.5794057	-0.002190444
357.6900536	0.002193503
357.8007074	-0.001990135
357.9113668	0.00228088
358.0220321	-0.002636255
358.1327031	0.002122594
358.24338	-0.00210966
358.3540625	0.001951313
358.4647509	-0.002623432
358.575445	0.002558763
358.6861449	-0.002268128
358.7968505	0.002128884
358.9075619	-0.002096777
359.0182791	0.001857595
359.129002	-0.002187294
359.2397307	0.002145069
359.3504652	-0.002280911
359.4612054	0.001822055
359.5719513	-0.002158074
359.682703	0.00224533
359.7934605	-0.001657418
359.9042237	0.00177037
360.0149927	-0.001964348
360.1257674	0.001928818
360.2365479	-0.002600694
360.3473341	0.002229155
360.458126	-0.002216302
360.5689237	0.001893146
360.6797271	-0.001851255
360.7905363	0.00197712
360.9013512	-0.00210654
361.0121718	0.002167807
361.1229982	-0.002303709
361.2338303	0.002264796
361.3446682	-0.002116132
361.4555117	0.001864128
361.5663611	-0.00224539
361.6772161	0.002245249
361.7880768	-0.002416661
361.8989433	0.001902809
362.0098155	-0.002503897
362.1206935	0.001841562
362.2315771	-0.002112932
362.3424665	0.002015993
362.4533616	-0.002032117
362.5642624	0.001996577
362.6751689	-0.001654167
362.7860811	0.002203358
362.8969991	-0.002061196
363.0079227	0.00227769
363.1188521	-0.002397175
363.2297872	0.002297005
363.340728	-0.002219614
363.4516745	0.002235465
363.5626267	-0.002248642
363.6735846	0.00262323
363.7845482	-0.002255083
363.8955174	0.002254982
364.0064924	-0.003004503
364.1174731	0.001928616
364.2284595	-0.001954564
364.3394516	0.001815644
364.4504494	-0.002274439
364.5614529	0.001851073
364.672462	-0.002387431
364.7834769	0.002351911
364.8944974	-0.00183197
365.0055236	0.001812463
365.1165555	-0.002271218
365.2275931	0.002099947
365.3386364	-0.002597605
365.4496853	0.001612124
365.5607399	-0.002578259
365.6718002	0.001786525
365.7828662	-0.001909442
365.8939379	0.001653985
366.0050152	-0.002355314
366.1160982	0.002119383
366.2271869	-0.002155025
366.3382812	0.002041709
366.4493812	-0.002991639
366.5604869	0.00163154
366.6715982	-0.001935148
366.7827152	0.002409997
366.8938379	-0.001880313
367.0049662	0.002219381
367.1161002	-0.002397265
367.2272398	0.00197711
367.3383851	-0.002416601
367.4495361	0.002536105
367.5606927	-0.001909432
367.6718549	0.002597443
367.7830228	-0.002613648
367.8941964	0.0020094
368.0053756	-0.001967549
368.1165605	0.001967529
368.227751	-0.00265241
368.3389471	0.002161315
368.4501489	-0.00214203
368.5613563	0.001505462
368.6725694	-0.001421669
368.7837881	0.001705842
368.8950124	-0.001434462
369.0062424	0.001618444
369.117478	-0.001951394
369.2287192	0.002355202
369.3399661	-0.001796409
369.4512186	0.002067638
369.5624767	-0.001825417
369.6737404	0.002671735
369.7850098	-0.002523273
369.8962848	0.002442458
370.0075654	-0.002578199
370.1188517	0.002607085
370.2301436	-0.002901274
370.341441	0.002090224
370.4527441	-0.00227771
370.5640529	0.001479614
370.6753672	-0.001870661
370.7866871	0.002015852
370.8980127	-0.001705741
371.0093438	0.0022098
371.1206806	-0.002571747
371.232023	0.001666949
371.343371	-0.001554007
371.4547246	0.0021128
371.5660838	-0.002122705
371.6774485	0.002083702
371.7888189	-0.002038589
371.9001949	0.001641122
372.0115765	-0.002940015
372.1229637	0.001321278
372.2343565	-0.002061196
372.3457548	0.001692888
372.4571588	-0.002326225
372.5685684	0.002196805
372.6799835	-0.002206599
372.7914042	0.002351971
372.9028305	-0.002116011
373.0142624	0.002183901
373.1256999	-0.001825458
373.237143	0.00187056
373.3485916	-0.002461794
373.4600459	0.002164607
373.5715057	-0.002235819
373.682971	0.001938379
373.794442	-0.001877052
373.9059185	0.001521556
374.0174006	-0.002562004
374.1288883	0.002106389
374.2403815	-0.001954645
374.3518803	0.001728337
374.4633847	-0.002671755
374.5748946	0.002768572
374.6864101	-0.002180792
374.7979312	0.002455251
374.9094578	-0.001993356
375.02099	0.002435966
375.1325277	-0.002358504
375.244071	0.002222693
375.3556198	-0.002339098
375.4671742	0.001554078
375.5787342	-0.002129086
375.6902997	0.002025676
375.8018708	-0.002710496
375.9134474	0.001744613
376.0250295	-0.002061378
376.1366172	0.002132186
376.2482104	-0.002293824
376.3598092	0.00129225
376.4714135	-0.00204184
376.5830234	0.00214515
376.6946388	-0.002216292
376.8062597	0.001731689
376.9178862	-0.002057884
377.0295182	0.001980493
377.1411557	-0.00282364
377.2527988	0.002251671
377.3644474	-0.001902899
377.4761015	0.001618535
377.5877612	-0.002607257
377.6994263	0.00200634
377.811097	-0.002519971
377.9227733	0.001986844
378.034455	-0.002678277
378.1461423	0.002484441
378.257835	-0.002032188
378.3695333	0.002335837
378.4812372	-0.002203378
378.5929465	0.002119303
378.7046613	-0.00231009
378.8163817	0.001738252
378.9281075	-0.001298833
379.0398389	0.002048262
379.1515758	-0.002112952
379.2633182	0.00187378
379.3750661	-0.001650855
379.4868195	0.00169937
379.5985783	-0.002122675
379.7103427	0.001663748
379.8221126	-0.00231317
379.933888	0.001825377
380.0456689	-0.002006219
380.1574553	0.001686375
380.2692471	-0.001870701
380.3810445	0.002326023
380.4928474	-0.002167787
380.6046557	0.001909371
380.7164695	-0.002688081
380.8282888	0.002129046
380.9401136	-0.002452101
381.0519439	0.002255093
381.1637797	-0.001586307
381.2756209	0.002558692
381.3874677	-0.002222774
381.4993199	0.001757486
381.6111775	-0.002213071
381.7230407	0.002093455
381.8349093	-0.002093556
381.9467834	0.001460219
382.058663	-0.001873871
382.170548	0.002070869
382.2824385	-0.001822065
382.3943345	0.002064417
382.5062359	-0.002216312
382.6181428	0.002058015
382.7300552	-0.00180276
382.841973	0.002481159
382.9538963	-0.002109731
383.065825	0.001405464
383.1777592	-0.002174229
383.2896989	0.002371367
383.401644	-0.00262011
383.5135945	0.00241968
383.6255505	-0.001763979
383.737512	0.002351931
383.8494789	-0.002371387
383.9614512	0.002303396
384.073429	-0.002080743
384.1854123	0.002355071
384.297401	-0.002568375
384.4093951	0.002119262
384.5213946	-0.002070879
384.6333996	0.002025716
384.7454101	-0.002206659
384.857426	0.001722017
384.9694473	-0.002222713
385.081474	0.001647624
385.1935062	-0.002242139
385.3055438	0.002057925
385.4175868	-0.002151683
385.5296353	0.001822065
385.6416891	-0.002452202
385.7537484	0.001486157
385.8658132	-0.002662173
385.9778833	0.002054593
386.0899589	-0.002158205
386.2020399	0.00238422
386.3141263	-0.002255114
386.4262181	0.002739605
386.5383153	-0.00234552
386.650418	0.001951374
386.762526	-0.002545758
386.8746395	0.002119323
386.9867584	-0.001786504
387.0988826	0.002426203
387.2110123	-0.00275582
387.3231474	0.002099897
387.4352879	-0.00142801
387.5474338	0.002090285
387.6595851	-0.002232416
387.7717418	0.002242038
387.8839039	-0.00227458
387.9960714	0.002461763
388.1082443	-0.002206589
388.2204226	0.002132176
388.3326062	-0.002206659
388.4447953	0.002019123
388.5569897	-0.001857717
388.6691896	0.001783193
388.7813948	-0.002387522
388.8936054	0.001870428
389.0058214	-0.002025645
389.1180427	0.002158064
389.2302695	-0.002009561
389.3425016	0.002048252
389.4547391	-0.00231003
389.566982	0.001608842
389.6792303	-0.00207101
389.7914839	0.001928646
389.9037429	-0.003046566
390.0160073	0.002070899
390.128277	-0.002387613
390.2405521	0.002170978
390.3528326	-0.002261565
390.4651185	0.001844763
390.5774097	-0.002387472
390.6897062	0.00207728
390.8020082	-0.002096716
390.9143154	0.002096646
391.0266281	-0.002633014
391.1389461	0.001692827
391.2512695	-0.002390844
391.3635982	0.001980341
391.4759322	-0.002129016
391.5882716	0.001970729
391.7006164	-0.002523202
391.8129665	0.001889834
391.925322	-0.002335817
392.0376828	0.002222653
392.1500489	-0.00183508
392.2624204	0.0027266
392.3747972	-0.002561953
392.4871794	0.002161386
392.5995669	-0.002710597
392.7119598	0.002332495
392.824358	-0.002119424
392.9367615	0.002445649
393.0491703	-0.002193635
393.1615845	0.00210966
393.274004	-0.002765574
393.3864288	0.002807394
393.498859	-0.002371266
393.6112945	0.001912512
393.7237353	-0.001647695
393.8361814	0.00187058
393.9486329	-0.00231002
394.0610897	0.001980351
394.1735518	-0.002510258
394.2860192	0.002028826
394.3984919	-0.002258365
394.5109699	0.001922214
394.6234533	-0.002180721
394.735942	0.002093495
394.8484359	-0.002474808
394.9609352	0.002035318
395.0734398	-0.002474808
395.1859497	0.00173807
395.2984649	-0.002455342
395.4109854	0.001625048
395.5235112	-0.001857676
395.6360423	0.001379445
395.7485787	-0.001935259
395.8611205	0.002106369
395.9736675	-0.002704206
396.0862197	0.002255114
396.1987773	-0.002148492
396.3113402	0.001886714
396.4239084	-0.001809283
396.5364818	0.001844672
396.6490606	-0.002035358
396.7616446	0.002377728
396.8742339	-0.00224537
396.9868285	0.002106278
397.0994284	-0.001644524
397.2120336	0.002035318
397.324644	-0.002028836
397.4372597	0.001049888
397.5498807	-0.001482896
397.662507	0.002361503
397.7751385	-0.002087104
397.8877754	0.00170257
398.0004174	-0.002125926
398.1130648	0.002235566
398.2257174	-0.001721996
398.3383753	0.002083732
398.4510385	-0.002587912
398.5637069	0.00214512
398.6763806	-0.001709063
398.7890595	0.001999838
398.9017437	-0.001915884
399.0144332	0.002296884
399.1271279	-0.001269704
399.2398279	0.00225164
399.3525331	-0.002164566
399.4652436	0.00200625
399.5779593	-0.001709042
399.6906803	0.002067607
399.8034065	-0.001935199
399.9161379	0.002881797
400.0288747	-0.002138779
400.1416166	0.002901062
400.2543638	-0.002219614
400.3671163	0.001870509
400.479874	-0.002041952
400.5926369	0.002032087
400.705405	-0.001709153
400.8181784	0.001708931
400.9309571	-0.001524989
401.0437409	0.002393964
401.15653	-0.002594384
401.2693243	0.002080612
401.3821239	-0.002103148
401.4949287	0.001996506
401.6077387	-0.002090315
401.7205539	0.001082278
401.8333743	-0.002099998
401.9462	0.001996617
402.0590309	-0.00224221
402.171867	0.002251873
402.2847083	-0.00146032
402.3975549	0.002271157
402.5104066	-0.00265248
402.6232636	0.002297065
402.7361258	-0.002326154
402.8489932	0.002031976
402.9618658	-0.002626673
403.0747436	0.002187203
403.1876266	-0.002032168
403.3005148	0.002565164
403.4134082	-0.002190474
403.5263069	0.002122594
403.6392107	-0.002077391
403.7521197	0.001883524
403.8650339	-0.002154934
403.9779533	0.001718786
404.090878	-0.001970709
404.2038078	0.001960956
404.3167428	-0.002432806
404.4296829	0.001990014
404.5426283	-0.001996648
404.6555789	0.001999788
404.7685346	-0.002439278
404.8814956	0.002300064
404.9944617	-0.001770582
405.107433	0.002151713
405.2204094	-0.001841471
405.3333911	0.001537873
405.4463779	-0.001815765
405.55937	0.002290614
405.6723671	-0.00268481
405.7853695	0.001692807
405.898377	-0.001398861
406.0113897	0.002093445
406.1244076	-0.001948153
406.2374306	0.001550655
406.3504589	-0.002436057
406.4634922	0.001763969
406.5765308	-0.002226075
406.6895745	0.002678197
406.8026233	-0.002277791
406.9156773	0.002028896
407.0287365	-0.002290664
407.1418008	0.002093505
407.2548703	-0.001983815
407.367945	0.001660437
407.4810248	-0.002109731
407.5941097	0.002290482
407.7071998	-0.002158215
407.8202951	0.00203862
407.9333954	-0.002665354
408.046501	0.002374507
408.1596117	-0.002723551
408.2727275	0.001689687
408.3858484	-0.002200107
408.4989745	0.002080561
408.6121058	-0.002209749
408.7252422	0.001557117
408.8383837	-0.001841532
408.9515303	0.002009511
409.0646821	-0.002064558
409.177839	0.002326104
409.2910011	-0.002500555
409.4041682	0.001818763
409.5173405	-0.001944962
409.6305179	0.002125764
409.7437005	-0.001786555
409.8568882	0.002209789
409.9700809	-0.00227775
410.0832789	0.001986813
410.1964819	-0.002197027
410.30969	0.001579824
410.4229033	-0.002112881
410.5361217	0.001938238
410.6493452	-0.002668595
410.7625738	0.002135437
410.8758075	-0.002187254
410.9890463	0.001857717
411.1022902	-0.0018706
411.2155393	0.001993326
411.3287934	-0.001776973
411.4420526	0.002012681
411.555317	-0.002132267
411.6685864	0.002322943
411.781861	-0.002222804
411.8951406	0.002109569
412.0084253	-0.001893207
412.1217152	0.002161244
412.2350101	-0.002352062
412.3483101	0.001822035
412.4616152	-0.002471406
412.5749254	0.002258153
412.6882407	-0.002080693
412.8015611	0.002565224
412.9148865	-0.002768704
413.0282171	0.001631399
413.1415527	-0.00169944
413.2548934	0.001932008
413.3682392	-0.002232325
413.48159	0.002119313
413.594946	-0.002332707
413.708307	0.002135478
413.821673	-0.002306768
413.9350442	0.00224532
414.0484204	-0.002061226
414.1618017	0.002177591
414.2751881	-0.001915874
414.3885795	0.001909281
414.501976	-0.002216272
414.6153776	0.002206528
414.7287842	-0.002781658
414.8421959	0.002064366
414.9556126	-0.001873881
415.0690344	0.002429535
415.1824613	-0.001847943
415.2958932	0.001990095
415.4093301	-0.002187203
415.5227721	0.002503816
415.6362192	-0.001957826
415.7496713	0.002649128
415.8631285	-0.002539397
415.9765907	0.002406827
416.090058	-0.002187304
416.2035303	0.002325993
416.3170076	-0.001825478
416.43049	0.002057834
416.5439774	-0.002164566
416.6574699	0.002345469
416.7709674	-0.002387603
416.8844699	0.00177036
416.9979775	-0.002423073
417.1114901	0.00159916
417.2250077	-0.001964348
417.3385304	0.002261475
417.4520581	-0.002093415
417.5655908	0.001964217
417.6791286	-0.002222804
417.7926713	0.002232325
417.9062191	-0.001889976
418.019772	0.002138749
418.1333298	-0.002216393
418.2468926	0.002516679
418.3604605	-0.002558682
418.4740334	0.001860766
418.5876113	-0.001957816
418.7011942	0.00207413
418.8147822	-0.002248611
418.9283751	0.002122574
419.041973	-0.002552351
419.155576	0.002862371
419.2691839	-0.001486147
419.3827969	0.001983714
419.4964149	-0.00207102
419.6100378	0.001838169
419.7236658	-0.002119353
419.8372988	0.002490892
419.9509368	-0.002061246
420.0645797	0.001709002
420.1782277	-0.002536176
420.2918806	0.002025595
420.4055386	-0.001851285
420.5192015	0.002116051
420.6328694	-0.002345429
420.7465423	0.002461814
420.8602202	-0.002232446
420.9739031	0.001547475
421.087591	-0.00234552
421.2012838	0.001841441
421.3149816	-0.002419882
421.4286844	0.002380909
421.5423922	-0.001896438
421.656105	0.002058036
421.7698227	-0.001702702
421.8835454	0.001528069
421.9972731	-0.002284142
422.1110058	0.002632973
422.2247434	-0.001815694
422.338486	0.002645938
422.4522335	-0.002674976
422.5659861	0.001792926
422.6797436	-0.00180274
422.793506	0.001873821
422.9072734	-0.00231003
423.0210458	0.001831808
423.1348231	-0.002358363
423.2486054	0.0023163
423.3623926	-0.002271157
423.4761848	0.002759001
423.589982	-0.00197084
423.7037841	0.002225914
423.8175911	-0.002268068
423.9314031	0.001999808
424.04522	-0.002113002
424.1590419	0.001970729
424.2728688	-0.002503796
424.3867005	0.002348751
424.5005373	-0.002280901
424.6143789	0.002258254
424.7282255	-0.002309979
424.842077	0.002539256
424.9559335	-0.002274388
425.0697949	0.001825225
425.1836612	-0.002671755
425.2975325	0.001799459
425.4114087	-0.001928828
425.5252898	0.00248442
425.6391759	-0.002322863
425.7530668	0.00173492
425.8669627	-0.002290644
425.9808636	0.002135508
426.0947693	-0.00203548
426.20868	0.002187153
426.3225956	-0.002190444
426.4365161	0.001818844
426.5504415	-0.001628359
426.6643718	0.001366471
426.7783071	-0.002368177
426.8922472	0.001679822
427.0061923	-0.002064417
427.1201423	0.001750974
427.2340972	-0.001993326
427.3480569	0.002238787
427.4620216	-0.002736495
427.5759912	0.001977151
427.6899657	-0.002849659
427.8039451	0.002232416
427.9179294	-0.002100078
428.0319186	0.00187062
428.1459127	-0.002458502
428.2599117	0.002364845
428.3739156	-0.002500605
428.4879244	0.001792946
428.601938	-0.002339058
428.7159566	0.002639375
428.82998	-0.002348751
428.9440084	0.002116152
429.0580416	-0.001444135
429.1720797	0.002213061
429.2861226	-0.00244889
429.4001705	0.002561852
429.5142232	-0.001644514
429.6282809	0.001712223
429.7423434	-0.002461925
429.8564107	0.0017704
429.970483	-0.002206619
430.0845601	0.002726651
430.1986421	-0.002058026
430.3127289	0.00177041
430.4268206	-0.002003019
430.5409172	-0.002423163
430.6550187	0.002322964
430.769125	-0.001650845
430.8832362	0.001954554
430.9973522	-0.002742927
431.1114731	0.00159916
431.2255989	-0.002332656
431.3397295	0.001961077
431.453865	-0.00159603
431.5680053	0.002116051
431.6821505	-0.002054784
431.7963005	0.002274358
431.9104554	-0.001809313
432.0246151	0.001728357
432.1387797	-0.00210647
432.2529491	0.00207728
432.3671234	-0.002135568
432.4813025	0.001347206
432.5954864	-0.002313341
432.7096752	0.001573292
432.8238689	-0.001854486
432.9380673	0.001805951
433.0522706	-0.00197082
433.1664788	0.00228086
433.2806917	-0.00203862
433.3949095	0.002361745
433.5091322	-0.001657428
433.6233596	0.002090214
433.7375919	-0.002287383
433.851829	0.002025575
433.966071	-0.001889976
434.0803177	0.00197703
434.1945693	-0.001696129
434.3088257	0.002416611
434.4230869	-0.002067749
434.537353	0.002235688
434.6516238	-0.00176415
434.7658995	0.002129046
434.88018	-0.002507057
434.9944652	0.00238416
435.1087554	-0.001889976
435.2230503	0.001938349
435.33735	-0.002077341
435.4516545	0.002297065
435.5659638	-0.001957947
435.680278	0.00234866
435.7945969	-0.002419832
435.9089206	0.001738101
436.0232492	-0.001605682
436.1375825	0.002394014
436.2519206	-0.00282046
436.3662636	0.001793047
436.4806113	-0.002216282
436.5949638	0.001864168
436.7093211	-0.002435926
436.8236832	0.002067658
436.9380501	-0.00183512
437.0524217	0.002203176
437.1667982	-0.002132378
437.2811794	0.002287403
437.3955654	-0.001999889
437.5099562	0.001964288
437.6243518	-0.002439217
437.7387522	0.002361513
437.8531573	-0.00268482
437.9675672	0.00254908
438.0819819	-0.002452081
438.1964013	0.001886644
438.3108256	-0.00207414
438.4252545	0.001931938
438.5396883	-0.002358433
438.6541268	0.001915702
438.7685701	-0.002006229
438.8830182	0.002532895
438.997471	-0.001712364
439.1119286	0.0020741
439.2263909	-0.001812443
439.340858	0.002061206
439.4553299	-0.002261545
439.5698065	0.002171079
439.6842879	-0.002129117
439.798774	0.001883352
439.9132648	-0.00214204
440.0277605	0.002784798
440.1422608	-0.002255073
440.2567659	0.002164475
440.3712758	-0.001835029
440.4857904	0.002229145
440.6003098	-0.00197079
440.7148339	0.002503725
440.8293627	-0.002103289
440.9438962	0.001970638
441.0584346	-0.001999838
441.1729776	0.001524807
441.2875254	-0.001699319
441.4020779	0.002296995
441.5166351	-0.0019353
441.6311971	0.002183891
441.7457638	-0.002103229
441.8603352	0.002309888
441.9749114	-0.001967539
442.0894922	0.001605561
442.2040778	-0.00224538
442.3186682	0.001880283
442.4332632	-0.002591112
442.547863	0.002200046
442.6624674	-0.002109711
442.7770766	0.002128985
442.8916905	-0.001996637
443.0063092	0.002729872
443.1209325	-0.002187294
443.2355605	0.002297045
443.3501933	-0.002251893
443.4648308	0.002355182
443.5794729	-0.0024197
443.6941198	0.00227766
443.8087714	-0.002245411
443.9234277	0.001954564
444.0380886	-0.001977161
444.1527543	0.002403556
444.2674247	-0.002028987
444.3820998	0.002048181
444.4967795	-0.002284192
444.611464	0.002435885
444.7261531	-0.002164627
444.840847	0.001702449
444.9555455	-0.001764019
445.0702487	0.002196906
445.1849566	-0.002813988
445.2996692	0.002500535
445.4143865	-0.00180277
445.5291085	0.002164516
445.6438351	-0.002019274
445.7585664	0.002910886
445.8733024	-0.002400456
445.9880431	0.00224851
446.1027884	-0.001625048
446.2175385	0.001857606
446.3322932	-0.002416641
446.4470525	0.001957846
446.5618166	-0.002119424
446.6765853	0.001411714
446.7913586	-0.001983693
446.9061367	0.002255013
447.0209194	-0.001266523
447.1357067	0.002099967
447.2504988	-0.002103269
447.3652954	0.002600694
447.4800968	-0.00186742
447.5949028	0.002413279
447.7097134	-0.002468346
447.8245288	0.002316391
447.9393487	-0.001537883
448.0541733	0.001980452
448.1690026	-0.002171079
448.2838365	0.002183962
448.3986751	-0.002067587
448.5135183	0.002432634
448.6283661	-0.002794612
448.7432186	0.002141828
448.8580757	-0.001831909
448.9729375	0.002558773
449.0878039	-0.002032228
449.202675	0.002364946
449.3175507	-0.002565144
449.432431	0.002649158
449.5473159	-0.002200167
449.6622055	0.002242119
449.7770997	-0.002351951
449.8919986	0.002662042
450.006902	-0.002400385
450.1218101	0.002335776
450.2367229	-0.001469952
450.3516402	0.002025625
450.4665622	-0.002164637
450.5814888	0.002258173
450.69642	-0.002032208
450.8113558	0.002206548
450.9262962	-0.001696179
451.0412413	0.002523121
451.156191	-0.001777003
451.2711452	0.002313139
451.3861041	-0.00238421
451.5010676	0.002025746
451.6160357	-0.002668605
451.7310085	0.002674935
451.8459858	-0.002129056
451.9609677	0.002607065
452.0759542	-0.001515296
452.1909453	0.001741332
452.3059411	-0.001935199
452.4209414	0.002490913
452.5359463	-0.00170249
452.6509558	0.002823519
452.7659699	-0.001760778
452.8809886	0.002949556
452.9960119	-0.002093606
453.1110398	0.001851113
453.2260723	-0.001948123
453.3411093	0.002326073
453.456151	-0.001650905
453.5711972	0.002707295
453.686248	-0.001844813
453.8013034	0.003133771
453.9163633	-0.001379576
454.0314279	0.00241652
454.146497	-0.00173492
454.2615707	0.002917277
454.376649	-0.001476484
454.4917318	0.002720169
454.6068192	-0.001851164
454.7219112	0.00251673
454.8370078	-0.001906171
454.9521089	0.00262013
455.0672146	-0.001444104
455.1823248	0.002487692
455.2974396	-0.001854354
455.412559	0.002154853
455.5276829	-0.001877102
455.6428114	0.002529603
455.7579445	-0.00176724
455.8730821	0.002829991
455.9882242	-0.001085701
456.103371	0.002975242
456.2185222	-0.001447497
456.333678	0.002901041
456.4488384	-0.001951434
456.5640033	0.003249924
456.6791728	-0.001909402
456.7943468	0.002403647
456.9095253	-0.00071397
457.0247084	0.002884978
457.139896	-0.0015992
457.2550882	0.002820399
457.3702849	-0.00105327
457.4854861	0.002597544
457.6006919	-0.00149587
457.7159022	0.00248122
457.831117	-0.001353728
457.9463364	0.0032662
458.0615603	-0.001802689
458.1767887	0.002878556
458.2920216	-0.001679944
458.4072591	0.003069011
458.5225011	-0.001340795
458.6377476	0.003418004
458.7529987	-0.001305305
458.8682542	0.002875285
458.9835143	-0.000672088
459.0987789	0.003385765
459.214048	-0.00125679
459.3293216	0.002710415
459.4445997	-0.000979069
459.5598824	0.00316604
459.6751695	-0.001134004
459.7904612	0.003615183
459.9057574	0.003463318
460.021058	-0.000852941
460.1363632	0.003485914
460.2516729	-0.000810949
460.3669871	0.003650673
460.4823057	-0.000258446
460.5976289	0.003828426
460.7129566	-0.000319884
460.8282887	0.003905969
460.9436254	0.000119565
461.0589666	0.003802477
461.1743122	0.000578209
461.2896623	0.003763746
461.405017	0.000523323
461.5203761	0.003886462
461.6357397	0.000229408
461.7511077	0.004338805
461.8664803	0.00041025
461.9818573	0.004674774
462.0972389	0.000468397
462.2126248	0.004468063
462.3280153	0.000762505
462.4434103	0.004926838
462.5588097	0.00112738
462.6742136	0.00479442
462.789622	0.00146344
462.9050348	0.00486548
463.0204521	0.000839926
463.1358739	0.005333918
463.2513001	0.001285828
463.3667308	0.005514872
463.482166	0.001415066
463.5976056	0.00595103
463.7130497	0.001809182
463.8284982	0.006009086
463.9439513	0.001101775
464.0594087	0.006432341
464.1748706	0.002558682
464.290337	0.006112416
464.4058078	0.002952787
464.5212831	0.006807121
464.6367628	0.002823539
464.752247	0.007104298
464.8677356	0.004303224
464.9832286	0.007446728
465.0987261	0.003825003
465.214228	0.007950777
465.3297344	0.004054522
465.4452452	0.008477392
465.5607605	0.004374305
465.6762802	0.008118746
465.7918043	0.00452301
465.9073329	0.008900647
466.0228659	0.006341813
466.1384033	0.009352879
466.2539451	0.00656483
466.3694914	0.010260686
466.4850421	0.006455008
466.6005972	0.011330131
466.7161568	0.008038053
466.8317208	0.01218294
466.9472892	0.008855413
467.062862	0.012667543
467.1784392	0.009433663
467.2940209	0.01336873
467.4096069	0.010254436
467.5251974	0.014215219
467.6407923	0.011339763
467.7563916	0.01548149
467.8719953	0.013071382
467.9876034	0.016285947
468.1032159	0.014609113
468.2188329	0.017229415
468.3344542	0.015869356
468.4500799	0.019284078
468.5657101	0.016770711
468.6813446	0.021800818
468.7969835	0.017791621
468.9126268	0.022385742
469.0282746	0.019452168
469.1439267	0.023409883
469.2595832	0.020563384
469.3752441	0.024773011
469.4909094	0.021920313
469.6065791	0.026255826
469.7222531	0.02395243
469.8379316	0.028126659
469.9536144	0.025916667
470.0693016	0.029942221
470.1849932	0.028326867
470.3006892	0.031557758
470.4163896	0.030546409
470.5320943	0.035034
470.6478034	0.034475136
470.7635169	0.037476347
470.8792347	0.035363436
470.994957	0.038015734
471.1106836	0.038064158
471.2264145	0.041717961
471.3421499	0.041156098
471.4578896	0.045488502
471.5736336	0.045333356
471.689382	0.04864174
471.8051348	0.049591478
471.920892	0.051487956
472.0366535	0.051584905
472.1524193	0.053129047
472.2681896	0.05402709
472.3839641	0.057764837
472.4997431	0.060123584
472.6155263	0.062795349
472.731314	0.06286646
472.8471059	0.065696643
472.9629023	0.06472763
473.0787029	0.07007749
473.194508	0.07092399
473.3103173	0.074167381
473.426131	0.074874949
473.541949	0.076422363
473.6577714	0.0790233
473.7735981	0.081985901
473.8894292	0.083830754
474.0052646	0.085885276
474.1211043	0.087432963
474.2369483	0.090753907
474.3527967	0.09233049
474.4686494	0.096449409
474.5845065	0.09847879
474.7003678	0.104817191
474.8162335	0.10259783
474.9321035	0.107844563
475.0479779	0.106878528
475.1638565	0.113101029
475.2797395	0.112209175
475.3956268	0.116958159
475.5115184	0.116800146
475.6274143	0.120722158
475.7433146	0.122586195
475.8592191	0.126301578
475.975128	0.129835724
476.0910412	0.134375141
476.2069586	0.13733443
476.3228804	0.140002955
476.4388065	0.140455096
476.5547369	0.14475209
476.6706716	0.144490464
476.7866106	0.148858449
476.9025539	0.149601709
477.0185015	0.153930649
477.1344534	0.15352359
477.2504096	0.158579555
477.36637	0.159241708
477.4823348	0.166792241
477.5983039	0.166837111
477.7142772	0.172626472
477.8302549	0.174797642
477.9462368	0.183478644
478.062223	0.185446173
478.1782135	0.194078782
478.2942083	0.196159192
478.4102073	0.203037575
478.5262107	0.204468655
478.6422183	0.21279083
478.7582302	0.214238478
478.8742464	0.222466653
478.9902668	0.227510068
479.1062915	0.235716191
479.2223205	0.240720592
479.3383538	0.245117474
479.4543913	0.249065233
479.5704331	0.254425079
479.6864792	0.257907692
479.8025295	0.264692418
479.9185841	0.26755798
480.0346429	0.273870836
480.1507061	0.2796219
480.2667734	0.285368976
480.3828451	0.287582098
480.4989209	0.293581036
480.6150011	0.297268017
480.7310855	0.30745741
480.8471741	0.309008075
480.963267	0.316994604
481.0793641	0.324996865
481.1954655	0.330666782
481.3115712	0.335464392
481.427681	0.340872501
481.5437952	0.343221433
481.6599135	0.352690414
481.7760361	0.356968094
481.892163	0.365567989
482.0082941	0.368818054
482.1244294	0.376362256
482.2405689	0.38092015
482.3567127	0.389743608
482.4728607	0.39631805
482.589013	0.403432313
482.7051694	0.412555794
482.8213302	0.419986338
482.9374951	0.424277113
483.0536642	0.431859036
483.1698376	0.439512788
483.2860152	0.452358235
483.402197	0.45808953
483.5183831	0.465982241
483.6345733	0.471558106
483.7507678	0.4776223
483.8669665	0.480539598
483.9831694	0.488926402
484.0993765	0.494967868
484.2155879	0.506285388
484.3318034	0.510930921
484.4480231	0.522710124
484.5642471	0.525618021
484.6804752	0.541051299
484.7967076	0.543664806
484.9129442	0.552332845
485.0291849	0.558099508
485.1454299	0.568573669
485.2616791	0.568767213
485.3779324	0.582584844
485.49419	0.583670413
485.6104517	0.59575687
485.7267177	0.601038628
485.8429878	0.614238945
485.9592621	0.621971158
486.0755406	0.632163691
486.1918233	0.636398873
486.3081102	0.646989146
486.4244013	0.652187011
486.5406965	0.665213997
486.6569959	0.669313237
486.7732996	0.679748717
486.8896073	0.684287892
487.0059193	0.697052777
487.1222355	0.706786505
487.2385558	0.717370709
487.3548803	0.723059628
487.4712089	0.733394474
487.5875417	0.737039039
487.7038787	0.741542713
487.8202199	0.74766466
487.9365652	0.754226259
488.0529147	0.759318199
488.1692684	0.770341056
488.2856262	0.777497726
488.4019882	0.788995533
488.5183543	0.798089714
488.6347246	0.806486675
488.7510991	0.809500416
488.8674777	0.821328356
488.9838604	0.821609822
489.1002474	0.83147609
489.2166384	0.83869969
489.3330336	0.848770144
489.449433	0.851839821
489.5658365	0.871204178
489.6822441	0.876121283
489.7986559	0.880120475
489.9150719	0.890297509
490.0314919	0.891512236
490.1479162	0.900836339
490.2643445	0.90741694
490.380777	0.911329593
490.4972136	0.916133463
490.6136544	0.922484909
490.7300993	0.924142357
490.8465483	0.932723492
490.9630014	0.930930991
491.0794587	0.940283173
491.1959201	0.94160754
491.3123856	0.949558893
491.4288553	0.950446688
491.5453291	0.956017313
491.661807	0.960000279
491.778289	0.964225587
491.8947751	0.962404431
492.0112654	0.966765772
492.1277597	0.968238652
492.2442582	0.971498218
492.3607608	0.97021559
492.4772675	0.973617429
492.5937783	0.977446188
492.7102932	0.980205643
492.8268122	0.974095913
492.9433354	0.980092358
493.0598626	0.98089001
493.1763939	0.976816072
493.2929294	0.974011262
493.4094689	0.984515279
493.5260125	0.988911878
493.6425603	0.995563146
493.7591121	0.989415977
493.875668	0.996978878
493.992228	0.997492529
494.1087921	1
494.2253603	0.99724004
494.3419326	0.994733982
494.458509	0.992481787
494.5750894	0.994278277
494.691674	0.992850176
494.8082626	0.990721302
494.9248553	0.985748816
495.0414521	0.984983949
495.1580529	0.979862365
495.2746579	0.97931386
495.3912669	0.974083403
495.50788	0.974112169
495.6244972	0.97344312
495.7411184	0.979300018
495.8577437	0.978199051
495.9743731	0.976735793
496.0910065	0.967101538
496.207644	0.966732917
496.3242856	0.960640079
496.4409312	0.963541433
496.5575809	0.956775305
496.6742347	0.956627741
496.7908925	0.95306706
496.9075543	0.950233112
497.0242203	0.944667282
497.1408903	0.94384342
497.2575643	0.936698119
497.3742424	0.92898199
497.4909245	0.919538765
497.6076107	0.91613319
497.7243009	0.911135645
497.8409952	0.910424966
497.9576935	0.902225547
498.0743959	0.894836916
498.1911023	0.886833969
498.3078128	0.885781314
498.4245273	0.874922256
498.5412458	0.8685843
498.6579684	0.859502498
498.774695	0.861224545
498.8914256	0.851309238
499.0081603	0.850472694
499.1248989	0.839908046
499.2416417	0.834742309
499.3583884	0.823535187
499.4751392	0.820772703
499.591894	0.811251471
499.7086528	0.814039591
499.8254157	0.802366989
499.9421826	0.801792102
500.0589534	0.7921612
500.1757284	0.783655325
500.2925073	0.773410451
500.4092902	0.77814949
500.5260772	0.771882362
500.6428681	0.766196411
500.7596631	0.75495916
500.8764621	0.756732862
500.9932651	0.750281974
501.1100721	0.746863485
501.2268831	0.737323625
501.3436981	0.731908428
501.4605171	0.716000463
501.5773401	0.710369792
501.6941672	0.701093789
501.8109982	0.699930939
501.9278332	0.686817485
502.0446722	0.684953377
502.1615152	0.680724253
502.2783622	0.675410003
502.3952132	0.663052127
502.5120681	0.661960327
502.6289271	0.653696481
502.74579	0.646394913
502.862657	0.641626341
502.9795279	0.640072233
503.0964028	0.633285255
503.2132817	0.632121486
503.3301645	0.617822515
503.4470514	0.616836963
503.5639422	0.61076658
503.680837	0.612239823
503.7977358	0.602501946
503.9146385	0.598024422
504.0315452	0.587899639
504.1484559	0.57671791
504.2653706	0.571403438
504.3822892	0.568111279
504.4992118	0.560871261
504.6161383	0.559630657
504.7330688	0.550642966
504.8500033	0.547880684
504.9669417	0.539903807
505.0838841	0.536185738
505.2008305	0.527956574
505.3177808	0.524264061
505.434735	0.512252017
505.5516933	0.50794951
505.6686554	0.499749556
505.7856216	0.492955187
505.9025916	0.485811421
506.0195656	0.483143634
506.1365436	0.473839361
506.2535255	0.473758243
506.3705113	0.468786222
506.4875011	0.464719312
506.6044949	0.45451645
506.7214925	0.455775997
506.8384942	0.445560332
506.9554997	0.446446057
507.0725092	0.440843667
507.1895226	0.435425462
507.3065399	0.430350353
507.4235612	0.428444758
507.5405864	0.423036286
507.6576156	0.422809836
507.7746486	0.413088397
507.8916856	0.410516983
508.0087265	0.408113518
508.1257713	0.404411019
508.2428201	0.400233559
508.3598728	0.398866847
508.4769294	0.389804996
508.5939899	0.389646659
508.7110543	0.382296627
508.8281226	0.382274061
508.9451949	0.375851776
509.062271	0.374998845
509.1793511	0.369205758
509.2964351	0.364049896
509.413523	0.359555985
509.5306148	0.356587154
509.6477104	0.351078401
509.76481	0.350638952
509.8819135	0.347101493
509.9990209	0.349207923
510.1161322	0.344171212
510.2332474	0.341938573
510.3503665	0.33491196
510.4674895	0.33444642
510.5846164	0.326557445
510.7017471	0.324298919
510.8188818	0.318383752
510.9360203	0.312332391
511.0531628	0.310487901
511.1703091	0.308397415
511.2874593	0.301654973
511.4046134	0.301567869
511.5217713	0.29535176
511.6389332	0.292379536
511.7560989	0.283779136
511.8732685	0.284926518
511.990442	0.280855912
512.1076194	0.280354609
512.2248006	0.274969329
512.3419857	0.277253532
512.4591746	0.273786821
512.5763675	0.275786599
512.6935642	0.270714206
512.8107648	0.270478538
512.9279692	0.265002499
513.0451775	0.262756947
513.1623897	0.260315054
513.2796057	0.257991939
513.3968256	0.252441719
513.5140493	0.253891942
513.6312769	0.247673207
513.7485083	0.248254355
513.8657436	0.244225913
513.9829828	0.245307948
514.1002258	0.23991552
514.2174726	0.243159264
514.3347233	0.239137678
514.4519779	0.239832111
514.5692363	0.233729095
514.6864985	0.231690758
514.8037646	0.228902305
514.9210345	0.227248361
515.0383083	0.222088823
515.1555859	0.223807488
515.2728673	0.219710964
515.3901526	0.219656199
515.5074417	0.218050406
515.6247346	0.216819807
515.7420314	0.213967078
515.859332	0.213123618
515.9766364	0.208985273
516.0939446	0.209233956
516.2112567	0.205534596
516.3285726	0.207172618
516.4458923	0.202530185
516.5632159	0.204358671
516.6805432	0.197496927
516.7978744	0.200342941
516.9152094	0.195080397
517.0325482	0.197719822
517.1498908	0.19043134
517.2672373	0.191720581
517.3845875	0.188272902
517.5019416	0.189739967
517.6192994	0.185359169
517.7366611	0.186854464
517.8540266	0.183911349
517.9713959	0.182910421
518.0887689	0.18023498
518.2061458	0.180222097
518.3235265	0.175589195
518.440911	0.177382322
518.5582993	0.173890168
518.6756914	0.175789746
518.7930872	0.17080152
518.9104869	0.171602584
519.0278904	0.168924357
519.1452976	0.168727309
519.2627086	0.166284841
519.3801235	0.164207732
519.4975421	0.162346754
519.6149645	0.158650757
519.7323906	0.158599042
519.8498206	0.156925479
519.9672543	0.15495472
520.0846918	0.151365375
520.2021331	0.154146982
520.3195782	0.14846713
520.437027	0.149934315
520.5544797	0.145714985
520.671936	0.147045854
520.7893962	0.145595228
520.9068601	0.145159251
521.0243278	0.137935206
521.1417993	0.141915365
521.2592745	0.137014768
521.3767535	0.137880088
521.4942362	0.135483337
521.6117228	0.134979016
521.729213	0.131063617
521.8467071	0.131599996
521.9642048	0.127962247
522.0817064	0.128462681
522.1992117	0.12699603
522.3167207	0.127806646
522.4342335	0.122586255
522.5517501	0.125965458
522.6692703	0.120344106
522.7867944	0.122476403
522.9043222	0.118512207
523.0218537	0.11988205
523.139389	0.114699784
523.256928	0.115022708
523.3744707	0.109960644
523.4920172	0.111485532
523.6095674	0.108167688
523.7271214	0.111788959
523.8446791	0.106681632
523.9622405	0.111130148
524.0798057	0.104322805
524.1973745	0.105692708
524.3149472	0.104762356
524.4325235	0.104190467
524.5501036	0.100058503
524.6676874	0.101722151
524.7852749	0.098853389
524.9028661	0.098136158
525.0204611	0.095865101
525.1380597	0.097590288
525.2556621	0.093806985
525.3732682	0.094866515
525.490878	0.091012434
525.6084916	0.093742457
525.7261088	0.088182493
525.8437297	0.089629818
525.9613544	0.086318133
526.0789828	0.087746143
526.1966148	0.083371656
526.3142506	0.085846465
526.4318901	0.080874211
526.5495333	0.084127638
526.6671802	0.079882531
526.7848307	0.081556083
526.902485	0.07861626
527.020143	0.078386671
527.1378046	0.076186635
527.25547	0.076755424
527.3731391	0.07473614
527.4908118	0.076083063
527.6084882	0.072468092
527.7261683	0.072009307
527.8438521	0.069295428
527.9615396	0.069996525
528.0792308	0.066039225
528.1969256	0.069518505
528.3146242	0.065396205
528.4323264	0.066410633
528.5500323	0.063525403
528.6677418	0.064245935
528.7854551	0.061848922
528.903172	0.063082823
529.0208926	0.058973557
529.1386168	0.060146281
529.2563447	0.057454898
529.3740763	0.058395206
529.4918116	0.054166284
529.6095505	0.056579593
529.7272931	0.05259276
529.8450393	0.053742726
529.9627892	0.051284315
530.0805428	0.052095082
530.1983	0.048131067
530.3160609	0.049468772
530.4338255	0.045911716
530.5515936	0.048767514
530.6693655	0.045042479
530.787141	0.046835547
530.9049201	0.043983
531.0227029	0.044493349
531.1404893	0.040939746
531.2582794	0.040878206
531.3760731	0.039653696
531.4938705	0.040302966
531.6116715	0.038842575
531.7294762	0.040723171
531.8472844	0.038593923
531.9650964	0.03772512
532.0829119	0.037292163
532.2007311	0.036629747
532.3185539	0.034788306
532.4363804	0.034949763
532.5542105	0.033176071
532.6720442	0.033104909
532.7898815	0.031522036
532.9077225	0.03136378
533.0255671	0.029305734
533.1434153	0.029981003
533.2612671	0.02684073
533.3791225	0.02769673
533.4969816	0.025642087
533.6148443	0.026924724
533.7327106	0.024042937
533.8505805	0.025386872
533.968454	0.024530791
534.0863312	0.024954056
534.2042119	0.022182121
534.3220963	0.024136675
534.4399843	0.023093088
534.5578758	0.022162644
534.675771	0.020165956
534.7936698	0.022343477
534.9115722	0.01966527
535.0294781	0.021590776
535.1473877	0.01911933
535.2653009	0.019813904
535.3832177	0.017471635
535.501138	0.019406844
535.619062	0.01810475
535.7369895	0.017468475
535.8549207	0.016037284
535.9728554	0.017475018
536.0907937	0.01482903
536.2087356	0.016880411
536.3266811	0.014069806
536.4446302	0.016198751
536.5625828	0.014505975
536.680539	0.015319902
536.7984989	0.0124512
536.9164622	0.014832049
537.0344292	0.011830817
537.1523997	0.013449373
537.2703739	0.011149137
537.3883515	0.013462478
537.5063328	0.009537033
537.6243176	0.012883795
537.742306	0.009298114
537.860298	0.011540122
537.9782935	0.008768168
538.0962926	0.011398021
538.2142952	0.008160819
538.3323014	0.011175065
538.4503112	0.007579319
538.5683245	0.010218714
538.6863414	0.00758888
538.8043618	0.010826153
538.9223858	0.006461409
539.0404134	0.009963478
539.1584445	0.006138203
539.2764791	0.00936239
539.3945173	0.00619639
539.512559	0.008412823
539.6306043	0.005094868
539.7486531	0.009265674
539.8667055	0.004810595
539.9847614	0.007844226
540.1028208	0.004038427
540.2208838	0.007769854
540.3389504	0.00353764
540.4570204	0.00779239
540.575094	0.00275266
540.6931711	0.006758637
540.8112518	0.003699127
540.929336	0.006441882
541.0474237	0.003912279
541.1655149	0.007100956
541.2836097	0.002387482
541.401708	0.006170533
541.5198098	0.002384241
541.6379151	0.006354778
541.756024	0.002012631
541.8741363	0.006416156
541.9922522	0.001847973
542.1103716	0.005608458
542.2284946	0.001695937
542.346621	0.00551155
542.4647509	0.001340845
542.5828844	0.005711929
542.7010213	0.001650966
542.8191618	0.005602006
542.9373058	0.000426354
543.0554533	0.005246561
543.1736042	0.000710678
543.2917587	0.004690959
543.4099167	0.000526524
543.5280782	0.004568142
543.6462432	0.001205004
543.7644116	0.004348508
543.8825836	0.000529805
544.0007591	0.004972021
544.118938	0.000675178
544.2371205	0.004506825
544.3553064	0.000358585
544.4734958	0.004413097
544.5916887	0.000352123
544.7098851	0.004923567
544.828085	9.05171E-05
544.9462883	0.003721794
545.0644952	-6.472E-06
545.1827055	0.003935057
545.3009193	-0.00020359
545.4191366	0.004280708
545.5373573	-0.00064301
545.6555815	0.003728195
545.7738092	4.20529E-05
545.8920404	0.00381214
546.010275	-0.000626673
546.1285131	0.004203044
546.2467547	-0.001001454
546.3649997	0.003340542
546.4832482	0.000119454
546.6015001	0.003033662
546.7197555	-0.001237384
546.8380144	0.003531087
546.9562767	-0.001130773
547.0745425	0.003585993
547.1928118	-0.000785192
547.3110845	0.003401859
547.4293606	-0.001150269
547.5476402	0.003208043
547.6659233	-0.001221239
547.7842098	0.003185547
547.9024997	-0.001250389
548.0207931	0.003628056
548.1390899	-0.000665647
548.2573902	0.002820409
548.3756939	-0.000875568
548.4940011	0.002917439
548.6123117	-0.000814059
548.7306257	0.003227499
548.8489432	-0.001208214
548.9672641	0.003088517
549.0855884	-0.001163163
549.2039161	0.003007774
549.3222473	-0.001715555
549.440582	0.002535964
549.55892	-0.000904566
549.6772615	-0.00105009
549.7956064	0.002849478
549.9139547	-0.001505523
550.0323064	0.002778487
550.1506616	-0.001638093
550.2690202	0.002755911
550.3873822	-0.001825336
550.5057476	0.003295308
550.6241164	-0.000969134
550.7424887	0.003036782
550.8608643	-0.001192241
550.9792434	0.003240362
551.0976258	-0.001337675
551.2160117	0.003198299
551.334401	-0.001744593
551.4527937	0.003146624
551.5711898	-0.001208376
551.6895893	0.003056238
551.8079922	-0.002080582
551.9263984	0.003052947
552.0448081	-0.001809444
552.1632212	0.002523222
552.2816377	-0.001356879
552.4000576	0.002413198
552.5184808	-0.001469962
552.6369075	0.002264736
552.7553375	-0.001796278
552.873771	0.003156408
552.9922078	-0.001725237
553.110648	0.003162728
553.2290916	-0.001747804
553.3475385	0.00330176
553.4659889	-0.001796329
553.5844426	0.002306748
553.7028997	-0.001482825
553.8213602	0.002526261
553.939824	-0.001505563
554.0582913	0.002494032
554.1767619	-0.001883453
554.2952358	0.002794561
554.4137132	-0.001696139
554.5321939	0.002558742
554.6506779	-0.002093505
554.7691654	0.002051402
554.8876562	-0.002371347
555.0061504	0.002368066
555.1246479	-0.001835211
555.2431488	0.002432604
555.361653	-0.001344157
555.4801606	0.002403636
555.5986716	-0.001615385
555.7171859	0.002287342
555.8357035	-0.001576482
555.9542245	0.002885008
556.0727489	-0.002045092
556.1912766	0.002284081
556.3098077	-0.001776993
556.4283421	0.002361664
556.5468798	-0.001757577
556.6654209	0.002568354
556.7839653	-0.002426273
556.9025131	0.001964277
557.0210642	-0.002035338
557.1396186	0.002400395
557.2581764	-0.001680024
557.3767375	0.002636214
557.495302	-0.001912582
557.6138697	0.002287312
557.7324408	-0.001925385
557.8510153	0.002555451
557.969593	-0.00207097
558.0881741	0.002833232
558.2067585	-0.00200943
558.3253463	0.002532864
558.4439373	-0.001628299
558.5625317	0.002164546
558.6811294	-0.001886755
558.7997304	0.002303527
558.9183347	-0.002235698
559.0369424	0.002367945
559.1555533	-0.001951414
559.2741676	0.002842985
559.3927852	-0.001712334
559.511406	0.002019133
559.6300302	-0.001996536
559.7486577	0.002190373
559.8672885	-0.001854506
559.9859226	0.002532753
560.10456	-0.002927051
560.2232007	0.002377718
560.3418448	-0.001996738
560.4604921	0.002733194
560.5791427	-0.001993386
560.6977965	0.002355142
560.8164537	-0.002465146
560.9351142	0.0020094
561.053778	-0.00234872
561.172445	0.001780053
561.2911154	-0.001641324
561.409789	0.002503776
561.5284659	-0.001599321
561.6471461	0.002183962
561.7658296	-0.001699461
561.8845164	0.002225904
562.0032064	-0.001835201
562.1218997	0.0021451
562.2405963	-0.002600896
562.3592962	0.001844682
562.4779993	-0.002335797
562.5967058	0.0024844
562.7154154	-0.002393923
562.8341284	0.001961087
562.9528446	-0.002435996
563.0715641	0.002348791
563.1902869	-0.001983683
563.3090129	0.0019771
563.4277422	-0.002232547
563.5464747	0.002261424
563.6652105	-0.002607237
563.7839496	0.002287151
563.9026919	-0.002203237
564.0214374	0.002229094
564.1401863	-0.002203338
564.2589383	0.002206548
564.3776937	-0.002374649
564.4964523	0.002862482
564.6152141	-0.001770319
564.7339791	0.001922245
564.8527475	-0.002413511
564.971519	0.002455342
565.0902938	-0.002167858
565.2090719	0.002339078
565.3278532	-0.001683306
565.4466377	0.00180591
565.5654254	-0.001893136
565.6842164	0.002070798
565.8030107	-0.002048312
565.9218081	0.002752478
566.0406088	-0.002158225
566.1594128	0.002636124
566.2782199	-0.002112901
566.3970303	0.002196815
566.5158439	-0.002403747
566.6346607	0.00180591
566.7534808	-0.001592809
566.872304	0.002435825
566.9911305	-0.001818935
567.1099602	0.002888209
567.2287932	-0.001893176
567.3476293	0.002193614
567.4664687	-0.001999808
567.5853113	0.002668534
567.704157	-0.001618576
567.823006	0.001744452
567.9418582	-0.002083893
568.0607136	0.001744573
568.1795723	-0.002423083
568.2984341	0.001654045
568.4172991	-0.002232457
568.5361673	0.002112851
568.6550388	-0.001909321
568.7739134	0.002264564
568.8927912	-0.002817289
569.0116722	0.001825347
569.1305564	-0.001744684
569.2494438	0.001935128
569.3683344	-0.00197082
569.4872282	0.001670231
569.6061252	-0.002616839
569.7250254	0.002610326
569.8439287	-0.002145231
569.9628353	0.002064407
570.081745	-0.002019143
570.2006579	0.002500515
570.319574	-0.001980462
570.4384932	0.002303396
570.5574157	-0.002225884
570.6763413	0.002058046
570.7952701	-0.001893237
570.914202	0.002051402
571.0331372	-0.00231002
571.1520755	0.002410078
571.2710169	-0.001796288
571.3899616	0.002158124
571.5089094	-0.001902839
571.6278604	0.002452091
571.7468145	-0.002073999
571.8657718	0.002768744
571.9847323	-0.002461905
572.1036959	0.002642686
572.2226627	-0.001615476
572.3416326	0.002203227
572.4606057	-0.002058066
572.579582	0.002222632
572.6985614	-0.001822075
572.8175439	0.002668534
572.9365296	-0.002526473
573.0555185	0.002200107
573.1745105	-0.002035318
573.2935056	0.002203257
573.4125039	-0.002086993
573.5315053	0.002022394
573.6505099	-0.002423022
573.7695176	0.002464934
573.8885284	-0.002552321
574.0075424	0.002390703
574.1265595	-0.002345499
574.2455798	0.002552139
574.3646032	-0.001644443
574.4836297	0.001434422
574.6026593	-0.002267936
574.7216921	0.002032087
574.840728	-0.002015892
574.959767	0.002025666
575.0788092	-0.002003049
575.1978545	0.002313129
575.3169029	-0.002468195
575.4359544	0.002258153
575.555009	-0.002067739
575.6740668	0.002258233
575.7931276	-0.002151683
575.9121916	0.002203338
576.0312587	-0.001770501
576.1503289	0.00167022
576.2694022	-0.001961107
576.3884787	0.00207413
576.5075582	-0.001912633
576.6266408	0.002400496
576.7457266	-0.002568566
576.8648154	0.001751045
576.9839074	-0.001686456
577.1030024	0.002813907
577.2221006	-0.002229195
577.3412018	0.002099856
577.4603062	-0.001886654
577.5794136	0.001812312
577.6985241	-0.0025491
577.8176378	0.002642666
577.9367545	-0.002484451
578.0558743	0.002238817
578.1749972	-0.002268027
578.2941231	0.001353688
578.4132522	-0.002216211
578.5323844	0.001864088
578.6515196	-0.001944851
578.7706579	0.001518487
578.8897993	-0.002723551
579.0089437	0.001624967
579.1280913	-0.001608873
579.2472419	0.001528059
579.3663956	-0.002035449
579.4855524	0.002358282
579.6047122	-0.002154984
579.7238751	0.002290614
579.8430411	-0.00224534
579.9622101	0.001928747
580.0813822	0.002148391
580.2005574	-0.002348791
580.3197356	0.002319581
580.4389169	-0.002077462
580.5581012	0.00234551
580.6772886	-0.002610528
580.7964791	0.002238717
580.9156726	-0.001899679
581.0348692	0.00207728
581.1540688	-0.001922305
581.2732715	0.002232335
581.3924772	-0.00210963
581.511686	0.001854334
581.6308978	-0.001909301
581.7501127	0.002384079
581.8693306	-0.001941752
581.9885516	0.002636164
582.1077756	-0.001977201
582.2270026	0.001686446
582.3462327	-0.001925637
582.4654658	0.002442226
582.5847019	-0.002164607
582.7039411	0.002141818
582.8231833	-0.001857616
582.9424286	0.001928586
583.0616768	-0.001861038
583.1809281	0.002200157
583.3001825	-0.001815775
583.4194398	0.002038549
583.5387002	-0.001760788
583.6579636	0.002293774
583.77723	-0.002154944
583.8964995	0.002287302
584.015772	-0.001906262
584.1350474	0.002616889
584.2543259	-0.00268789
584.3736074	0.002380969
584.492892	-0.002167888
584.6121795	0.002801054
584.7314701	-0.001844732
584.8507636	0.002280739
584.9700602	-0.002119292
585.0893598	0.00221298
585.2086623	-0.001999919
585.3279679	0.001628248
585.4472765	-0.001961077
585.5665881	0.001731598
585.6859026	-0.001896407
585.8052202	0.002975374
585.9245408	-0.002245451
586.0438644	0.002080561
586.1631909	-0.001515165
586.2825205	0.002652309
586.401853	-0.002419922
586.5211886	0.002177611
586.6405271	-0.002183992
586.7598686	0.002258304
586.8792131	-0.002274459
586.9985606	0.001902788
587.117911	-0.00228081
587.2372645	0.002255093
587.3566209	-0.002523172
587.4759803	0.001877022
587.5953426	-0.002452111
587.714708	0.002080703
587.8340763	-0.002338997
587.9534476	0.002555471
588.0728219	-0.002200086
588.1921991	0.002209769
588.3115793	-0.002387674
588.4309625	0.001657347
588.5503486	-0.001806042
588.6697377	0.00231319
588.7891298	-0.002009581
588.9085248	0.002138628
589.0279228	-0.002264675
589.1473237	0.00214513
589.2667276	-0.00180273
589.3861345	0.002284172
589.5055443	-0.002161456
589.624957	0.001983653
589.7443727	-0.002032097
589.8637914	0.002122443
589.983213	-0.00173494
590.1026376	0.002368177
590.2220651	-0.002264695
590.3414955	0.002797792
590.4609289	-0.002122604
590.5803652	0.001744502
590.6998045	-0.002468377
590.8192467	0.00227766
590.9386918	-0.002206609
591.0581399	0.001851235
591.1775909	-0.002025666
591.2970449	0.002200066
591.4165018	-0.002022536
591.5359616	0.001825367
591.6554243	-0.002077341
591.77489	0.00231321
591.8943586	-0.002704105
592.0138301	0.001986844
592.1333045	-0.002019143
592.2527819	0.00210964
592.3722622	-0.001941641
592.4917454	0.002490943
592.6112315	-0.002064467
592.7307205	0.002028907
592.8502125	-0.001764049
592.9697073	0.002497273
593.0892051	-0.00183506
593.2087058	0.002287393
593.3282094	-0.002184043
593.4477159	0.002258203
593.5672253	-0.002048312
593.6867376	0.002015902
593.8062528	-0.002274439
593.9257709	0.001970638
594.0452919	-0.002125855
594.1648158	0.001825296
594.2843426	-0.002342339
594.4038724	0.002519961
594.523405	-0.002171068
594.6429405	0.002200046
594.7624788	-0.001912572
594.8820201	0.002439318
595.0015643	-0.00220985
595.1211113	0.001822176
595.2406613	-0.002465085
595.3602141	0.001783284
595.4797698	-0.001841481
595.5993284	0.002468336
595.7188899	-0.001954726
595.8384543	0.002258193
595.9580215	-0.002184033
596.0775916	0.002384241
596.1971646	-0.002112932
596.3167404	0.001524757
596.4363192	-0.001725187
596.5559008	0.001986803
596.6754852	-0.002907726
596.7950726	0.002277518
596.9146628	-0.002329385
597.0342559	0.002012651
597.1538518	-0.002313251
597.2734506	0.001582985
597.3930523	-0.002229256
597.5126568	0.001670251
597.6322642	-0.001964399
597.7518744	0.001960925
597.8714875	-0.001796318
597.9911034	0.001783304
598.1107222	-0.002571686
598.2303439	0.001944771
598.3499684	-0.001954675
598.4695957	0.001812332
598.5892259	-0.002103239
598.7088589	0.002668494
598.8284948	-0.002061226
598.9481335	0.001780083
599.0677751	-0.002316512
599.1874195	0.002490973
599.3070668	-0.002109711
599.4267169	0.002086943
599.5463698	-0.00268477
599.6660255	0.001444064
599.7856841	-0.002507087
599.9053455	0.001806001
600.0250098	-0.001592698
600.1446769	0.002607096
600.2643468	-0.002226096
600.3840195	0.002487611
600.503695	-0.002639456
600.6233734	0.001579744
600.7430546	-0.002597473
600.8627386	0.001802801
600.9824255	-0.001967579
601.1021151	0.001812352
601.2218076	-0.002468215
601.3415029	0.00180279
601.461201	-0.002238848
601.5809019	0.002041729
601.7006056	-0.002216362
601.8203122	0.00200945
601.9400215	-0.001948173
602.0597336	0.001919044
602.1794486	-0.002542608
602.2991663	0.002613679
602.4188869	-0.001541134
602.5386103	0.002125714
602.6583364	-0.002604077
602.7780654	0.002170978
602.8977971	-0.002464974
603.0175317	0.001996627
603.137269	-0.002025686
603.2570091	0.002591072
603.376752	-0.0020742
603.4964978	0.001660578
603.6162463	-0.002035399
603.7359975	0.001789685
603.8557516	-0.001495749
603.9755085	0.001773671
604.0952681	-0.002235748
604.2150305	0.002116183
604.3347957	-0.00258778
604.4545637	0.002087023
604.5743344	-0.001692908
604.694108	0.002012711
604.8138843	-0.002261565
604.9336633	0.002164566
605.0534452	-0.002471648
605.1732298	0.002025524
605.2930172	-0.00180276
605.4128073	0.00177349
605.5326002	-0.002177571
605.6523959	0.002448728
605.7721944	-0.002129076
605.8919956	0.001499061
606.0117995	-0.001618515
606.1316062	0.002545819
606.2514157	-0.002164728
606.3712279	0.001812392
606.4910429	-0.002180792
606.6108607	0.002300195
606.7306812	-0.002400375
606.8505044	0.002087013
606.9703304	-0.002087084
607.0901591	0.002048212
607.2099906	-0.00251359
607.3298248	0.002500555
607.4496618	-0.002284091
607.5695015	0.001854324
607.689344	-0.002397225
607.8091892	0.002374477
607.9290371	-0.002497435
608.0488877	0.002216241
608.1687411	-0.001796359
608.2885973	0.002978665
608.4084561	-0.001602542
608.5283177	0.001628329
608.648182	-0.002310009
608.7680491	0.002419761
608.8879189	-0.001783506
609.0077914	0.001796318
609.1276666	-0.00179959
609.2475445	0.002187052
609.3674252	-0.001637921
609.4873086	0.002070858
609.6071947	-0.00282052
609.7270835	0.00190295
609.846975	-0.002468316
609.9668693	0.001951374
610.0867662	-0.002345681
610.2066659	0.002216251
610.3265683	-0.002410098
610.4464734	0.001902849
610.5663812	-0.002222774
610.6862916	-0.002119434
610.8062048	0.002158084
610.9261207	-0.00224539
611.0460393	0.00190612
611.1659607	-0.001948052
611.2858846	0.002093415
611.4058113	-0.002355213
611.5257407	0.002216241
611.6456728	-0.002713767
611.7656076	0.002129046
611.8855451	-0.002403667
612.0054852	0.001521617
612.1254281	-0.002258284
612.2453736	0.001999919
612.3653218	-0.001502403
612.4852727	0.001508723
612.6052263	-0.001961147
612.7251826	0.001686446
612.8451415	-0.002067739
612.9651031	0.001999838
613.0850674	-0.002665323
613.2050344	0.00190605
613.325004	-0.002080632
613.4449764	0.002852628
613.5649514	-0.002271208
613.684929	0.001970628
613.8049093	-0.002145322
613.9248923	0.002025777
614.044878	-0.002083863
614.1648663	0.002232345
614.2848573	-0.002226055
614.404851	0.001741342
614.5248473	-0.002277609
614.6448462	0.002141909
614.7648479	-0.001909402
614.8848521	0.002138708
615.0048591	-0.002154883
615.1248687	0.001518457
615.2448809	-0.002497304
615.3648958	0.002507057
615.4849133	-0.002158175
615.6049335	0.00248436
615.7249563	-0.002419842
615.8449818	0.002196946
615.9650099	-0.002393923
616.0850407	0.002019194
616.2050741	-0.002400446
616.3251101	0.002255204
616.4451488	-0.002025807
616.5651901	0.002048242
616.6852341	-0.002255073
616.8052806	0.002106419
616.9253299	-0.002074221
617.0453817	0.001961067
617.1654362	-0.001673492
617.2854933	0.002526342
617.405553	-0.002009592
617.5256153	0.002125805
617.6456803	-0.002116253
617.7657479	0.002300307
617.8858181	-0.00217432
618.005891	0.002196775
618.1259664	-0.00272029
618.2460445	0.00224536
618.3661251	-0.001993477
618.4862084	0.001925506
618.6062944	-0.002445598
618.7263829	0.002303477
618.846474	-0.002442559
618.9665677	0.002410129
619.0866641	-0.002038599
619.206763	0.002151713
619.3268646	-0.002558843
619.4469687	0.002206569
619.5670755	-0.001896458
619.6871848	0.002532905
619.8072968	-0.002293845
619.9274113	0.002423002
620.0475285	-0.002810757
620.1676482	0.00207731
620.2877705	-0.001731639
620.4078954	0.002471547
620.528023	-0.002545788
620.648153	0.001628198
620.7682857	-0.001860836
620.888421	0.00234867
621.0085589	-0.002190535
621.1286993	0.001673492
621.2488423	-0.002041851
621.3689879	0.002109569
621.4891361	-0.002106601
621.6092868	0.002022455
621.7294401	-0.001793067
621.849596	0.002313079
621.9697545	-0.002503776
622.0899156	0.002070929
622.2100792	-0.002477989
622.3302454	0.001721936
622.4504141	-0.002329345
622.5705854	0.002578017
622.6907593	-0.002500555
622.8109357	0.002206407
622.9311147	-0.001505452
623.0512963	0.001967428
623.1714804	-0.001912532
623.2916671	0.001899638
623.4118563	-0.002481149
623.5320481	0.001919014
623.6522425	-0.00159923
623.7724394	0.001912512
623.8926388	-0.001961117
624.0128408	0.002167706
624.1330453	-0.002287302
624.2532524	0.002274358
624.373462	-0.001957997
624.4936742	0.002099967
624.6138889	-0.002697633
624.7341062	0.002080561
624.854326	-0.002274398
624.9745483	0.00245203
625.0947732	-0.002200218
625.2150006	0.00214509
625.3352305	-0.002129086
625.455463	0.001780113
625.575698	-0.002177561
625.6959355	0.001899658
625.8161755	-0.002264665
625.9364181	0.002452081
626.0566632	-0.001831808
626.1769108	0.001883483
626.297161	-0.00289466
626.4174137	0.002193574
626.5376688	-0.001977181
626.6579266	0.001705761
626.7781868	-0.002590991
626.8984495	0.002465035
627.0187148	-0.002607207
627.1389825	0.002154914
627.2592528	-0.00228085
627.3795256	0.001883564
627.4998009	-0.002387613
627.6200787	0.002529573
627.740359	-0.001999868
627.8606418	0.002209739
627.9809271	-0.002015932
628.1012149	0.001498919
628.2215052	-0.001783506
628.341798	0.00177041
628.4620933	-0.002988439
628.5823911	0.002174188
628.7026914	-0.001961077
628.8229942	0.002319622
628.9432995	-0.002187254
629.0636072	0.002048181
629.1839175	-0.002364895
629.3042302	0.001928747
629.4245454	-0.002080572
629.5448631	0.001944892
629.6651833	-0.002381181
629.785506	0.002451939
629.9058312	-0.001605702
630.0261588	0.002119303
630.1464889	-0.002300337
630.2668215	0.002032026
630.3871565	-0.001721966
630.5074941	0.001986894
630.6278341	-0.001721986
630.7481765	0.001731669
630.8685215	-0.002268017
630.9888689	0.002200097
631.1092188	-0.002397205
631.2295711	0.002074069
631.3499259	-0.00214198
631.4702832	0.002025615
631.5906429	-0.0017349
631.7110051	0.002216191
631.8313697	-0.002093485
631.9517368	0.001841572
632.0721063	-0.002064437
632.1924783	0.00217754
632.3128528	-0.001851305
632.4332297	0.002216201
632.553609	-0.002129086
632.6739908	0.001877062
632.7943751	-0.002183932
632.9147618	0.001822095
633.0351509	-0.002041871
633.1555425	0.00194161
633.2759365	-0.00224535
633.3963329	0.002242059
633.5167318	-0.002384342
633.6371331	0.002274439
633.7575369	-0.002348821
633.8779431	0.00224851
633.9983517	-0.002329355
634.1187628	0.002238838
634.2391763	-0.002481179
634.3595922	0.001608873
634.4800105	-0.00221295
634.6004313	0.002545738
634.7208545	-0.002151683
634.8412801	0.00238421
634.9617081	-0.001957826
635.0821385	0.002112911
635.2025714	-0.002203358
635.3230067	0.002342157
635.4434444	-0.002229185
635.5638845	0.002125825
635.684327	-0.002432776
635.804772	0.002229104
635.9252193	-0.002342269
636.0456691	0.001776882
636.1661212	-0.002255063
636.2865758	0.002051523
636.4070327	-0.001999868
636.5274921	0.001909331
636.6479539	-0.002070889
636.768418	0.002603865
636.8888846	-0.002125785
637.0093536	0.002196886
637.1298249	-0.001621867
637.2502987	0.002074029
637.3707748	-0.001802831
637.4912534	0.002710516
637.6117343	-0.002193715
637.7322176	0.002200117
637.8527033	-0.002226025
637.9731914	0.002164506
638.0936819	-0.002135508
638.2141747	0.002080541
638.33467	-0.002468306
638.4551676	0.001825377
638.5756676	-0.00180274
638.6961699	0.001350366
638.8166747	-0.001767149
638.9371818	0.00214198
639.0576913	-0.001124291
639.1782032	-0.000400689
639.2987174	-0.00105641
639.419234	0.00031006
639.539753	-0.00159924
639.6602743	0.000988601
639.780798	-0.000849801
639.9013241	0.000390834
640.0218525	-0.000972547
640.1423833	0.000494396
640.2629164	-0.00047811
640.3834519	0.000151723
640.5039898	-0.000568668
640.62453	0.0009207
640.7450725	-0.00101775
640.8656175	6.11862E-05
640.9861647	-0.000348963
641.1067143	-0.000484754
641.2272663	-0.001049969
641.3478206	0.000397377
641.4683773	0.000374629
641.5889362	-0.000600957
641.7094976	-2.26571E-05
641.8300613	-0.001253448
641.9506273	0.000203449
642.0711956	-0.000584853
642.1917663	0.000461976
642.3123393	-0.000365118
642.4329147	-6.79308E-05
642.5534924	-0.000290877
642.6740724	0.000426375
642.7946548	-0.000213324
642.9152394	0.000726873
643.0358264	-0.000895024
643.1564158	0.000455584
643.2770074	-0.000681569
643.3976014	0.000665495
643.5181977	-0.000591173
643.6387963	-6.4821E-06
643.7593972	-0.000801266
643.8800005	0.000190545
644.000606	-0.000332849
644.1212139	9.04263E-05
644.2418241	-0.001431201
644.3624366	0.000710729
644.4830514	-0.000840048
644.6036685	0.000229266
644.724288	-0.000352143
644.8449097	0.00033924
644.9655337	-0.000794824
645.0861601	0.000878809
645.2067887	-0.000710789
645.3274196	0.000755952
645.4480529	-0.000649411
645.5686884	0.000406918
645.6893262	-0.000487904
645.8099663	0.000390824
645.9306088	-0.000823862
646.0512535	0.00064933
646.1719005	-0.001079128
646.2925497	9.69689E-05
646.4132013	-0.000846449
646.5338552	0.000109883
646.6545113	-0.000927283
646.7751697	0.000982058
646.8958304	-0.000620292
647.0164934	0.000710658
647.1371587	-0.001185638
647.2578262	-7.76741E-05
647.378496	-0.000723814
647.4991681	0.000449001
647.6198425	-0.000707528
647.7405191	0.000154975
647.861198	-0.000620252
647.9818792	0.000546001
648.1025626	-0.001079098
648.2232483	0.000381293
648.3439363	-0.001179308
648.4646265	0.000348741
648.585319	-6.4619E-05
648.7060137	0.000426506
648.8267108	-0.000840007
648.94741	0.000591103
649.0681115	-0.000943428
649.1888153	0.000733305
649.3095214	-0.000982189
649.4302296	0.000193736
649.5509402	-0.000665526
649.671653	0.00078503
649.792368	-0.000503968
649.9130853	0.000145332
650.0338048	-0.000623503
650.1545266	9.62218E-06
650.2752506	-0.001224601
650.3959768	0.000762293
650.5167053	-0.000839997
650.637436	0.000558985
650.758169	-0.000258466
650.8789042	0.000869025
650.9996416	-0.000762434
651.1203813	0.000684871
651.2411231	-0.001237414
651.3618673	0.000335888
651.4826136	-0.001059833
651.6033622	-0.000126007
651.724113	-0.000924032
651.844866	0.000167919
651.9656213	-0.001198673
652.0863787	0.000138921
652.2071384	-0.000891753
652.3279003	0.000384524
652.4486644	-0.000739747
652.5694308	0.000591153
652.6901993	-0.000300489
652.8109701	0.000184083
652.931743	-0.000878839
653.0525182	0.000555704
653.1732956	-0.00125679
653.2940752	0.000704398
653.414857	-0.001046738
653.535641	0.000691303
653.6564272	-0.000736708
653.7772156	0.000571788
653.8980062	-0.000807768
654.018799	0.000297157
654.139594	-0.000940177
654.2603912	0.000432937
654.3811906	-0.000516993
654.5019922	9.59189E-06
654.622796	-0.000746188
654.743602	0.000623493
654.8644101	-0.000827013
654.9852204	0.000381192
655.106033	-0.000988631
655.2268477	-0.000313362
655.3476646	-0.00033922
655.4684837	0.000300378
655.5893049	-0.000436179
655.7101283	0.000329577
655.830954	-0.000352255
655.9517817	0.000100281
656.0726117	-0.000975616
656.1934438	0.000659104
656.3142781	-0.000801185
656.4351146	0.000145302
656.5559533	-0.00108559
656.6767941	0.000442489
656.797637	-0.001062862
656.9184822	0.000691393
657.0393295	-0.000533188
657.160179	0.000458714
657.2810306	-0.000998344
657.4018844	-0.000109812
657.5227403	-0.000626764
657.6435984	7.10809E-05
657.7644587	-0.001150179
657.8853211	0.000778538
658.0061856	-0.000633277
658.1270523	0.000326215
658.2479212	-0.000148644
658.3687922	0.000113033
658.4896653	-0.00091758
658.6105406	0.000494295
658.7314181	-0.000833555
658.8522977	0.000436219
658.9731794	-0.000352265
659.0940632	0.000319773
659.2149492	-0.000700965
659.3358374	0.000164688
659.4567276	-0.00043942
659.57762	0.000245512
659.6985146	-0.00092071
659.8194112	-0.000164789
659.94031	-0.000723602
660.061211	0.00037471
660.182114	-0.000752862
660.3030192	-0.000126098
660.4239265	-0.000743099
660.5448359	0.000675158
660.6657474	-0.001069425
660.7866611	-0.000271471
660.9075769	-0.000894883
661.0284948	-0.000384473
661.1494148	-0.000830405
661.2703369	5.48353E-05
661.3912612	-0.000739817
661.5121875	0.000293916
661.633116	-0.000420074
661.7540465	-0.000113134
661.8749792	-0.000190677
661.995914	0.000426435
662.1168509	-0.000213283
662.2377898	-6.57297E-06
662.3587309	-0.000768946
662.4796741	-0.000106551
662.6006194	-0.00088203
662.7215668	0.000148583
662.8425162	-0.000726914
662.9634678	0.00030692
663.0844215	-0.000840027
663.2053772	0.000639597
663.3263351	-0.000213263
663.447295	0.000352194
663.568257	-0.000242422
663.6892211	0.00027145
663.8101873	-0.000468488
663.9311556	0.000132348
664.0521259	-0.000390885
664.1730984	3.26124E-06
664.2940729	-0.001117889
664.4150495	0.000423204
664.5360281	-0.000881939
664.6570089	-1.00967E-08
664.7779917	-0.000604168
664.8989766	0.000697754
665.0199635	-0.000723652
665.1409525	0.000652531
665.2619436	-0.001182458
665.3829368	0.00030691
665.503932	-0.000617132
665.6249293	-0.000452323
665.7459286	-0.000475
665.86693	-0.000184104
665.9879335	-0.000471709
666.108939	0.000400658
666.2299466	-0.000936865
666.3509562	0.000303609
666.4719679	-0.000626825
666.5929817	0.000429737
666.7139974	-0.000452404
666.8350153	-0.000103421
666.9560352	-0.000539569
667.0770571	0.000678379
667.1980811	-0.000523495
667.3191071	0.00023902
667.4401352	-0.000323115
667.5611653	0.000242271
667.6821974	-0.000516942
667.8032316	3.55708E-05
667.9242678	-0.000953141
668.045306	0.000322994
668.1663463	-0.000752842
668.2873886	0.000620242
668.408433	-0.001353769
668.5294794	8.4035E-05
668.6505278	-0.001269724
668.7715782	0.00010649
668.8926306	-0.000542719
669.0136851	-8.72256E-05
669.1347416	-0.001092062
669.2558001	0.00034552
669.3768607	-0.000184134
669.4979232	0.00024219
669.6189878	-0.000355405
669.7400544	-0.00016803
669.861123	-0.000193908
669.9821936	-9.68882E-05
670.1032663	-0.000400557
670.2243409	0.000791492
670.3454176	-0.001075907
670.4664962	-0.000265019
670.5875769	-0.000274621
670.7086595	0.000329517
670.8297442	-0.000452364
670.9508309	0.000507108
671.0719195	-0.000571808
671.1930102	0.000264938
671.3141029	-0.001050059
671.4351975	0.00041339
671.5562942	-0.00094989
671.6773928	-9.75344E-06
671.7984934	-0.000607439
671.9195961	0.000129157
672.0407007	-0.000319915
672.1618073	-0.000155146
672.2829159	-0.000326397
672.4040264	-0.000526675
672.525139	0.000487904
672.6462535	-0.000736637
672.76737	0.000374821
672.8884885	-0.000817411
673.009609	0.00044261
673.1307315	-0.001179126
673.2518559	0.000558793
673.3729823	-0.000688173
673.4941106	0.000629945
673.615241	-0.000416843
673.7363733	-9.73324E-06
673.8575076	-0.000723642
673.9786438	-0.000151905
674.099782	-0.00122131
674.2209222	0.000229297
674.3420643	-0.000568597
674.4632084	0.001011157
674.5843544	-0.000946699
674.7055024	0.001179045
674.8266524	-0.000791492
674.9478043	2.90584E-05
675.0689582	-0.000429565
675.190114	0.000164738
675.3112718	-0.00034242
675.4324315	0.000129177
675.5535932	-0.001011227
675.6747568	0.000536207
675.7959224	-0.000600896
675.9170899	0.000361857
676.0382593	-0.000319895
676.1594307	0.000859443
676.280604	-0.000914309
676.4017793	-5.5007E-05
676.5229565	-0.000933735
676.6441356	0.000600937
676.7653167	-0.001001474
676.8864997	0.000888441
677.0076846	-0.000962814
677.1288715	0.000426425
677.2500603	-0.000742998
677.371251	0.000623412
677.4924436	-0.000878819
677.6136382	0.000442489
677.7348347	-0.000726964
677.8560331	0.000520173
677.9772334	-0.000274601
678.0984357	0.000148614
678.2196398	-0.001024212
678.3408459	0.000684901
678.4620539	-0.000601109
678.5832638	0.000184094
678.7044756	-0.001024232
678.8256893	0.000206751
678.946905	-0.001127622
679.0681225	0.000461865
679.189342	-0.000768936
679.3105633	0.000277832
679.4317866	-0.000810838
679.5530117	0.000306839
679.6742388	-0.000355445
679.7954677	0.000442519
679.9166986	-0.000898094
680.0379313	0.00072026
680.159166	-0.000436239
680.2804025	0.00013888
680.4016409	-0.000933695
680.5228812	0.000200208
680.6441234	-0.000594475
680.7653675	0.000287494
680.8866135	-0.000555764
681.0078614	-4.52939E-05
681.1291111	-0.000894903
681.2503627	0.00074632
681.3716162	-0.001017669
681.4928716	0.000520082
681.6141289	-0.000801337
681.735388	9.04263E-05
681.856649	-0.00040395
681.9779119	1.92545E-05
682.0991766	-0.000578421
682.2204433	0.000778437
682.3417118	-0.000642919
682.4629821	0.000203459
682.5842544	-0.000846469
682.7055285	0.000429656
682.8268044	-0.001066184
682.9480822	0.000352093
683.0693619	-0.000817461
683.1906434	0.000361816
683.3119268	-0.000704358
683.4332121	0.000161527
683.5544992	-0.000342471
683.6757882	-0.000694645
683.797079	-0.000571949
683.9183716	0.000862573
684.0396661	-0.000846509
684.1609625	0.000248733
684.2822607	-0.000959532
684.4035608	0.000226076
684.5248627	-0.000843218
684.6461664	0.000465176
684.767472	-0.000462117
684.8887794	0.000371408
685.0100886	-0.000487904
685.1313997	0.000148624
685.2527127	-0.001201793
685.3740274	2.59587E-05
685.495344	-0.001208386
685.6166624	0.00068479
685.7379827	-0.00078189
685.8593048	0.000445831
685.9806287	-0.000940197
686.1019544	-8.0794E-05
686.223282	-0.000355455
686.3446113	0.001188859
686.4659425	-0.000591335
686.5872756	0.000523374
686.7086104	-0.000765726
686.829947	0.00085281
686.9512855	-0.000717281
687.0726258	0.000629965
687.1939679	-0.000684972
687.3153118	0.000164728
687.4366575	-0.000626784
687.558005	5.15842E-05
687.6793544	-0.000930514
687.8007055	0.000397367
687.9220585	-0.000978898
688.0434132	0.000494204
688.1647698	-0.000869156
688.2861281	0.000355263
688.4074882	-0.001182539
688.5288502	0.000184164
688.6502139	-0.000969275
688.7715795	0.000407221
688.8929468	-0.000287625
689.0143159	8.07637E-05
689.1356868	-0.000840017
689.2570595	0.00013253
689.378434	-0.000462067
689.4998102	0.000668746
689.6211883	-0.000536399
689.7425681	0.000487803
689.8639498	-0.000536358
689.9853332	0.000533036
690.1067183	-0.000756083
690.2281053	0.000190596
690.349494	-0.001024171
690.4708845	0.00037791
690.5922768	-0.00037157
690.7136708	0.000765655
690.8350667	-0.000995133
690.9564643	0.000752711
691.0778636	-0.000707589
691.1992647	6.785E-05
691.3206676	-0.001114577
691.4420723	0.000155096
691.5634787	-0.000587973
691.6848869	7.10002E-05
691.8062968	-0.000778649
691.9277085	0.000426476
692.0491219	-0.000264989
692.1705371	0.000642778
692.2919541	-0.00105016
692.4133728	0.000642949
692.5347932	-0.000384594
692.6562154	0.00044262
692.7776394	-0.000526635
692.8990651	0.000161558
693.0204926	-0.000856101
693.1419217	0.000242281
693.2633527	-0.000588154
693.3847853	4.19923E-05
693.5062198	-0.000959552
693.6276559	0.000516771
693.7490938	-0.000765746
693.8705334	-0.000158276
693.9919748	-0.001050029
694.1134179	-0.000248814
694.2348627	-0.000400628
694.3563092	0.000245411
694.4777575	-0.00027139
694.5992075	-1.29036E-05
694.7206592	-0.000591244
694.8421127	0.000310091
694.9635679	-0.000529856
695.0850248	0.000177692
695.2064834	-0.000804507
695.3279437	-0.000297318
695.4494058	-0.00033609
695.5708695	0.000571818
695.692335	-0.001111417
695.8138022	0.000736485
695.9352711	-0.000927344
696.0567417	0.000516821
696.178214	-7.7563E-05
696.2996881	-0.000158367
696.4211638	-0.000471759
696.5426413	0.000261677
696.6641204	-0.000904576
696.7856012	0.000458795
696.9070838	-0.000594414
697.028568	0.000562256
697.150054	-0.000762575
697.2715416	0.000403768
697.3930309	-0.000859403
697.514522	0.000933674
697.6360147	-0.000756043
697.7575091	-8.07839E-05
697.8790052	-0.00071397
698.0005029	0.000125896
698.1220024	-0.000229458
698.2435036	0.000633145
698.3650064	-0.000210062
698.4865109	0.000387694
698.6080171	-0.000743079
698.729525	0.000852941
698.8510345	-0.001072605
698.9725458	0.000100109
699.0940587	-0.000975788
699.2155732	0.000549211
699.3370895	-0.000581561
699.4586074	8.07334E-05
699.580127	-0.00091439
699.7016483	0.000310131
699.8231712	-0.000116345
699.9446958	5.81773E-05
700.066222	-0.000775348
700.1877499	0.000155045
700.3092795	-0.000759223
700.4308107	4.83633E-05
700.5523436	-0.000209921
700.6738782	0.000387664
700.7954144	-0.000714071
700.9169522	0.0006816
701.0384917	-0.000972547
701.1600329	-0.000113154
701.2815757	-0.001314977
701.4031202	0.000513843
701.5246663	-0.000775398
701.646214	-9.38491E-05
701.7677634	-0.000762525
701.8893144	0.000772157
702.0108671	-0.001098413
702.1324214	-2.26671E-05
702.2539774	-0.00067852
702.375535	0.000523263
702.4970942	-0.0003361
702.618655	1.9315E-05
702.7402175	-0.001104955
702.8617816	-2.24753E-05
702.9833474	-0.000103522
703.1049148	0.000629894
703.2264838	-0.000604309
703.3480544	-0.000410432
703.4696267	0.000226116
703.5912005	-0.000739838
703.712776	0.000300357
703.8343532	-0.000626714
703.9559319	0.000378001
704.0775122	-0.000536288
704.1990942	0.00027452
704.3206778	-0.000733426
704.442263	2.58173E-05
704.5638498	-0.001311847
704.6854382	-0.000216504
704.8070282	-0.000381222
704.9286199	0.000752711
705.0502131	-0.000494315
705.171808	-4.19216E-05
705.2934044	-0.000775418
705.4150024	-3.88421E-05
705.5366021	-0.00081419
705.6582033	0.000468539
705.7798062	-0.000975838
705.9014106	0.000306951
706.0230167	-0.000487843
706.1446243	0.000507179
706.2662335	-0.000856263
706.3878443	-3.21076E-06
706.5094567	-0.001098403
706.6310707	0.000258345
706.7526863	-0.000807657
706.8743034	0.00074944
706.9959221	-0.000487884
707.1175425	0.000839967
707.2391644	-0.001360251
707.3607878	0.000662305
707.4824129	-0.000381242
707.6040395	0.000710749
707.7256677	-0.000717382
707.8472975	0.000513651
707.9689289	-0.000810838
708.0905618	0.0006816
708.2121963	-0.000258496
708.3338324	0.000316583
708.45547	-0.000817411
708.5771092	-0.000235809
708.6987499	-0.000549181
708.8203922	0.000113063
708.9420361	-6.46594E-05
709.0636816	-0.000297338
709.1853286	-0.000655823
709.3069771	0.000995063
709.4286272	-0.000649341
709.5502789	0.000571717
709.6719321	-0.000584752
709.7935869	-0.000223117
709.9152432	-0.000878738
710.036901	0.000820601
710.1585604	-0.000504039
710.2802214	-4.53141E-05
710.4018839	-0.000869146
710.5235479	0.000242331
710.6452135	-0.00078186
710.7668806	9.37582E-05
710.8885493	-0.000836887
711.0102195	0.00037787
711.1318912	-0.000956372
711.2535645	0.000129147
711.3752393	-0.000591305
711.4969156	0.000507138
711.6185934	-0.000798025
711.7402728	0.000449001
711.8619537	-0.00057517
711.9836362	-0.000126037
712.1053201	-0.000620393
712.2270056	-0.000520113
712.3486926	-0.001124301
712.4703811	0.000226136
712.5920712	-0.000859352
712.7137628	0.000804366
712.8354558	-0.000332788
712.9571504	0.000914188
713.0788465	-0.000820591
713.2005441	0.000927223
713.3222433	-0.000775317
713.4439439	0.00064616
713.565646	-0.000675218
713.6873497	0.000600806
713.8090548	-0.000817542
713.9307615	6.46796E-05
714.0524696	-0.001150249
714.1741793	0.000833515
714.2958904	-0.00118579
714.4176031	0.000384443
714.5393172	-0.001033985
714.6610329	-8.07738E-05
714.78275	-0.001172725
714.9044687	0.000394116
715.0261888	-0.000639759
715.1479104	0.000355304
715.2696335	-0.000859433
715.391358	0.000639607
715.5130841	-0.001143676
715.6348117	0.00027449
715.7565407	-0.000923982
715.8782712	0.000145302
716.0000032	-0.000823923
716.1217367	0.000100069
716.2434716	-0.000546102
716.365208	-0.000206811
716.4869459	-0.000310242
716.6086853	0.000261626
716.7304261	-0.000985572
716.8521684	0.000423154
716.9739122	-0.000872286
717.0956574	0.000400567
717.2174041	-0.000875507
717.3391523	0.000261717
717.4609019	-0.000497557
717.582653	-5.16347E-05
717.7044055	-0.000326235
717.8261595	0.000345661
717.947915	-0.000575059
718.0696719	0.000449052
718.1914303	-0.000697855
718.3131901	0.00034238
718.4349514	-0.000601038
718.5567141	7.74015E-05
718.6784783	-0.000261717
718.8002439	0.000420024
718.922011	-0.00115345
719.0437795	0.000268088
719.1655494	-0.001479675
719.2873208	0.000290735
719.4090936	-0.00084975
719.5308679	0.00085286
719.6526436	-0.000930454
719.7744208	0.00041028
719.8961993	-0.000791583
720.0179793	0.000549232
720.1397608	-0.000475031
720.2615436	-0.000106672
720.3833279	-0.000478151
720.5051137	-0.000174502
720.6269008	-0.000597797
720.7486894	0.000520102
720.8704794	-0.000969316
720.9922708	0.000106551
721.1140636	-0.000445871
721.2358579	0.000474829
721.3576536	-0.000594525
721.4794507	0.000251873
721.6012492	-0.001098483
721.7230491	0.000807536
721.8448504	-0.000268119
721.9666531	2.90382E-05
722.0884573	-0.000387734
722.2102628	0.000423204
722.3320698	-0.000862654
722.4538782	0.000633267
722.5756879	-0.000688243
722.6974991	0.000332748
722.8193117	-0.000652561
722.9411256	0.000116233
723.062941	-0.000626875
723.1847578	0.001040296
723.3065759	-0.001040447
723.4283955	0.000487763
723.5502164	-0.000620343
723.6720387	0.000588104
723.7938625	-0.000623614
723.9156876	-7.7765E-05
724.0375141	-0.000891682
724.1593419	0.000268149
724.2811712	-0.000962713
724.4030018	0.000326235
724.5248339	-0.000623614
724.6466673	0.000264817
724.768502	-0.001179247
724.8903382	-0.000355425
725.0121757	-0.000639749
725.1340146	0.000323055
725.2558549	-0.000668817
725.3776966	0.000461986
725.4995396	-0.001130813
725.621384	0.000407049
725.7432297	-0.00054279
725.8650768	0.000183942
725.9869253	-0.000730195
726.1087752	0.000197068
726.2306264	-0.000972476
726.3524789	9.67872E-05
726.4743328	-0.000995083
726.5961881	-0.000319854
726.7180448	-0.001098564
726.8399027	0.000865663
726.9617621	-0.00067853
727.0836228	0.000352073
727.2054848	0.000132408
727.3273482	0.000636316
727.4492129	-0.000229579
727.571079	0.000281052
727.6929464	-0.000403808
727.8148152	-7.75328E-05
727.9366853	-0.00020356
728.0585568	0.000762474
728.1804295	-0.000726853
728.3023037	0.000164708
728.4241791	-0.000675279
728.5460559	0.000235819
728.667934	-0.001020951
728.7898135	0.000772117
728.9116943	-0.000148644
729.0335764	0.000455584
729.1554598	-0.000769057
729.2773446	0.000368339
729.3992307	-0.001092021
729.5211181	0.000471669
729.6430068	-0.000720543
729.7648969	0.000281093
729.8867883	-0.001079148
730.008681	0.000284263
730.130575	-0.000859443
730.2524703	0.000261596
730.3743669	-0.001208396
730.4962649	0.000216454
730.6181641	-0.000723683
730.7400647	0.000397235
730.8619666	-0.00084971
730.9838697	0.00054593
731.1057742	-0.000629945
731.22768	0.000907837
731.3495871	-0.001066073
731.4714955	-6.15193E-05
731.5934052	-0.00068167
731.7153161	6.44171E-06
731.8372284	-0.001040367
731.959142	0.000801175
732.0810569	-0.000571979
732.202973	-7.44331E-05
732.3248905	-0.000736667
732.4468092	0.000465186
732.5687292	-0.000284253
732.6906505	0.000662274
732.8125731	-0.000775519
732.934497	0.000445811
733.0564222	-0.000775378
733.1783486	3.23297E-05
733.3002764	-0.000830233
733.4222054	-0.000720543
733.5441356	-0.001176046
733.6660672	0.000200228
733.788	-0.001059843
733.9099341	0.000959573
734.0318695	-0.000914238
734.1538061	0.000691434
734.275744	-0.00129233
734.3976832	0.000804345
734.5196236	-0.000206872
734.6415653	-0.000316694
734.7635083	0.000226146
734.8854525	-0.0008497
735.007398	4.84441E-05
735.1293447	-0.000584792
735.2512927	0.000184104
735.373242	-0.000733366
735.4951925	0.000736536
735.6171443	-0.000384524
735.7390973	0.00047812
735.8610515	-0.001072666
735.983007	0.000623594
736.1049638	-0.000901395
736.2269218	0.000222895
736.348881	-0.000345843
736.4708415	0.000177652
736.5928033	-0.000307031
736.7147662	0.00040707
736.8367304	-0.000852921
736.9586959	0.000668676
737.0806626	-0.000940197
737.2026305	0.000591295
737.3245996	-0.000591224
737.44657	0.000662174
737.5685416	-0.00084652
737.6905144	0.000119606
737.8124885	-0.000526544
737.9344638	0.000355304
738.0564403	-0.000726974
738.178418	0.000704166
738.300397	-0.001130813
738.4223772	0.000413511
738.5443586	-0.000752701
738.6663412	0.000487763
738.788325	-0.00081422
738.9103101	0.000704206
739.0322963	-0.00061379
739.1542838	0.000164819
739.2762725	-0.001301973
739.3982623	0.001017619
739.5202534	-0.000649361
739.6422457	0.000358656
739.7642392	-0.00064302
739.886234	0.000316532
740.0082299	-0.00078188
740.130227	0.000843188
740.2522253	-0.000995083
740.3742248	0.000558874
740.4962255	-0.001033895
740.6182274	0.000122665
740.7402305	-0.000726924
740.8622348	0.000332748
740.9842402	-0.000749631
741.1062469	7.10305E-05
741.2282548	-0.000756134
741.3502638	0.000597655
741.472274	-0.000504119
741.5942854	0.000549272
741.716298	-0.000694675
741.8383118	8.06526E-05
741.9603267	-0.000507381
742.0823428	0.000600866
742.2043602	-0.000481432
742.3263786	0.001007946
742.4483983	-0.000914269
742.5704191	0.000335898
742.6924411	-0.000138961
742.8144643	0.000516922
742.9364886	-0.000817441
743.0585141	0.000342491
743.1805407	-0.000697916
743.3025686	8.38432E-05
743.4245976	-0.000820611
743.5466277	0.00058145
743.668659	-0.000500787
743.7906915	0.000655792
743.9127251	-0.001111397
744.0347599	0.000629965
744.1567958	-0.000846338
744.2788329	8.3924E-05
744.4008712	-0.001008168
744.5229105	0.000969316
744.6449511	-0.000998394
744.7669928	0.000148513
744.8890356	-0.001369863
745.0110796	0.000209951
745.1331247	-0.000633216
745.2551709	0.000697754
745.3772183	-0.001172684
745.4992669	0.000468407
745.6213165	-0.00068161
745.7433673	0.000219674
745.8654193	-0.000781789
745.9874723	0.000355263
746.1095265	-0.000497678
746.2315819	0.000659054