WAVELENGTH	NORM_INTENSITY
319.061235	8.42E-04
319.1755887	0.002180787
319.2899387	0.00115453
319.4042849	7.62E-04
319.5186274	4.16E-04
319.6329662	0.001556364
319.7473013	1.04E-04
319.8616326	5.35E-04
319.9759602	9.56E-04
320.0902841	0.001527971
320.2046043	3.60E-04
320.3189208	0.001982105
320.4332336	0.001438441
320.5475426	0
320.661848	6.72E-04
320.7761498	0.001244144
320.8904478	6.15E-04
321.0047421	0.002038873
321.1190328	0.001921083
321.2333198	0.001158983
321.3476032	0.00189269
321.4618829	0
321.5761589	0
321.6904313	0.001386058
321.8047	7.29E-04
321.9189651	0.001187376
322.0332266	0.002091422
322.1474844	1.94E-04
322.2617386	0.002091422
322.3759891	0.00158474
322.4902361	6.15E-04
322.6044794	7.62E-04
322.7187191	0
322.8329552	5.63E-04
322.9471878	7.85E-04
323.0614167	2.22E-04
323.175642	0
323.2898637	0.001698278
323.4040819	0.001523619
323.5182964	0.001471203
323.6325074	0.001637173
323.7467149	5.06E-04
323.8609187	4.16E-04
323.975119	6.76E-04
324.0893157	7.29E-04
324.2035089	0.001130607
324.3176985	1.61E-04
324.4318846	0.001698278
324.5460672	5.30E-04
324.6602462	2.37E-05
324.7744217	0
324.8885936	0.001414434
325.002762	0.001750727
325.116927	3.36E-04
325.2310883	1.89E-05
325.3452462	0.001556364
325.4594006	0
325.5735515	2.51E-04
325.6876989	7.85E-04
325.8018428	0.001187376
325.9159832	0
326.0301201	0.001726654
326.1442536	0.001211316
326.2583835	0.001527971
326.37251	0
326.4866331	2.22E-04
326.6007526	0.001381655
326.7148688	0.001726654
326.8289814	9.56E-04
326.9430907	0
327.0571964	2.74E-04
327.1712988	0.002067266
327.2853977	7.00E-04
327.3994932	0.001698278
327.5135852	0
327.6276738	0.001073838
327.7417591	0.001381655
327.8558409	0.001726654
327.9699193	7.29E-04
328.0839943	0.00127252
328.1980658	0.001551995
328.312134	0
328.4261989	0.001410048
328.5402603	9.32E-04
328.6543183	0.001580387
328.768373	0.001442827
328.8824243	5.58E-04
328.9964722	0.001471203
329.1105168	0.001750727
329.224558	0.001755046
329.3385958	0
329.4526303	0.00158474
329.5666615	0.002488887
329.6806893	1.09E-04
329.7947138	0.001012584
329.9087349	0.001130607
330.0227527	0.00115453
330.1367672	0.001386058
330.2507784	0
330.3647863	7.05E-04
330.4787908	2.18E-04
330.5927921	2.22E-04
330.70679	0.001324886
330.8207847	0
330.934776	0
331.0487641	7.90E-04
331.1627489	0.001012584
331.2767304	6.76E-04
331.3907086	1.61E-04
331.5046835	0.001187376
331.6186552	1.04E-04
331.7326237	0.001982105
331.8465888	2.74E-04
331.9605508	0
332.0745094	0.001693958
332.1884649	0.001527971
332.3024171	6.15E-04
332.416366	7.90E-04
332.5303117	5.58E-04
332.6442542	0.001755046
332.7581935	0
332.8721296	1.09E-04
332.9860624	0
333.0999921	5.35E-04
333.2139185	0.001211316
333.3278417	0
333.4417618	6.15E-04
333.5556786	0.002067266
333.6695923	7.57E-05
333.7835028	0.00127252
333.8974101	6.15E-04
334.0113142	0.001698278
334.1252152	0.001835905
334.239113	0
334.3530076	6.44E-04
334.4668991	0.001130607
334.5807874	0.001296494
334.6946726	0
334.8085547	3.31E-04
334.9224336	8.18E-04
335.0363093	6.72E-04
335.150182	0.002521399
335.2640515	0.002659226
335.3779179	0.001386058
335.4917812	0.001069369
335.6056414	0.001669885
335.7194985	0
335.8333524	3.64E-04
335.9472033	7.00E-04
336.0610511	0.002237556
336.1748958	0.001239708
336.2887374	0
336.4025759	0
336.5164113	0.001669885
336.6302437	4.16E-04
336.744073	0.001811815
336.8578993	0.002091422
336.9717225	0.001556364
337.0855426	7.57E-05
337.1993597	0.001527971
337.3131737	2.74E-04
337.4269847	8.75E-04
337.5407927	7.29E-04
337.6545976	7.33E-04
337.7683995	6.44E-04
337.8821984	5.63E-04
337.9959943	0.00305669
338.1097871	0.001329289
338.223577	2.46E-04
338.3373638	9.89E-04
338.4511477	0.00351094
338.5649285	0.001130607
338.6787064	7.85E-04
338.7924812	2.22E-04
338.9062531	3.31E-04
339.020022	3.07E-04
339.133788	1.61E-04
339.2475509	0.002265948
339.3613109	0.001921083
339.475068	0.001130607
339.5888221	6.15E-04
339.7025732	0.002067266
339.8163214	0
339.9300666	7.05E-04
340.0438089	1.32E-04
340.1575483	4.21E-04
340.2712847	0.001807512
340.3850182	0.001726654
340.4987488	0.002829566
340.6124765	7.90E-04
340.7262013	0.001182923
340.8399231	0.001244144
340.9536421	3.03E-04
341.0673581	0.001669885
341.1810713	0.001722351
341.2947816	0.002265948
341.408489	0
341.5221935	0.002918764
341.6358951	5.02E-04
341.7495939	0.001102231
341.8632897	0.001126154
341.9769828	0.001130607
342.0906729	0.001864298
342.2043603	0.001613133
342.3180447	6.44E-04
342.4317263	0
342.5454051	0.001665565
342.6590811	0.001811815
342.7727542	0.001097762
342.8864245	2.37E-05
343.0000919	4.73E-04
343.1137566	0.001158983
343.2274184	0.001523619
343.3410774	7.33E-04
343.4547336	3.88E-04
343.568387	0
343.6820376	6.72E-04
343.7956855	0.001840191
343.9093305	0.001012584
344.0229727	0.002720082
344.1366122	0.001580387
344.2502489	0.001073838
344.3638828	0
344.477514	0.001357682
344.5911424	0.001097762
344.704768	0.001300913
344.8183909	8.42E-04
344.9320111	9.32E-04
345.0456285	0.001466833
345.1592431	9.60E-04
345.272855	0
345.3864642	0.001925336
345.5000707	0.001637173
345.6136745	5.06E-04
345.7272755	2.18E-04
345.8408738	0.001017069
345.9544694	0.001835905
346.0680623	9.89E-04
346.1816525	5.87E-04
346.29524	0.003656725
346.4088249	0.001466833
346.522407	0.002067266
346.6359864	4.16E-04
346.7495632	0.002095642
346.8631373	2.74E-04
346.9767088	0
347.0902775	0.002375316
347.2038436	0.001556364
347.3174071	6.15E-04
347.4309679	0.001073838
347.5445261	0
347.6580816	0.00127252
347.7716345	9.56E-04
347.8851847	8.18E-04
347.9987323	0.001182923
348.1122773	0.00189696
348.2258197	0.00115453
348.3393595	5.63E-04
348.4528966	0
348.5664312	7.90E-04
348.6799631	0
348.7934924	0.001811815
348.9070192	0.001211316
349.0205434	0
349.1340649	0.001012584
349.2475839	3.36E-04
349.3611004	0
349.4746142	9.89E-04
349.5881255	0
349.7016342	5.06E-04
349.8151404	0.002716011
349.928644	6.76E-04
350.0421451	2.74E-04
350.1556436	2.79E-04
350.2691396	0.002545655
350.382633	5.91E-04
350.4961239	0.001126154
350.6096123	0.00158474
350.7230982	5.87E-04
350.8365815	0
350.9500623	2.74E-04
351.0635407	0.001641509
351.1770165	4.73E-04
351.2904898	6.48E-04
351.4039606	0.002261762
351.517429	6.48E-04
351.6308948	9.56E-04
351.7443582	4.78E-04
351.8578191	0.00115453
351.9712775	0.001215752
352.0847334	0
352.1981869	5.63E-04
352.3116379	1.61E-04
352.4250865	5.20E-05
352.5385326	6.15E-04
352.6519762	2.79E-04
352.7654175	0.001012584
352.8788562	0.001329289
352.9922926	3.03E-04
353.1057265	0.002549776
353.219158	4.45E-04
353.3325871	0.001669885
353.4460137	0.00115453
353.559438	0.001158983
353.6728598	3.03E-04
353.7862793	8.18E-04
353.8996963	0.002375316
354.0131109	0.001187376
354.1265232	0
354.2399331	0
354.3533406	0
354.4667457	2.51E-04
354.5801484	5.30E-04
354.6935488	0
354.8069468	0.001750727
354.9203424	0.001698278
355.0337357	5.02E-04
355.1471267	0.001499595
355.2605153	0.001324886
355.3739016	0
355.4872855	0
355.6006671	0.001187376
355.7140464	0.001750727
355.8274233	0
355.9407979	0.001040976
356.0541702	5.91E-04
356.1675402	5.87E-04
356.2809079	0.001158983
356.3942733	0.001410048
356.5076364	0.001045462
356.6209972	0
356.7343557	4.49E-04
356.847712	9.84E-04
356.9610659	0
357.0744176	0.00189269
357.187767	0
357.3011142	0.001410048
357.4144591	0.001471203
357.5278017	0
357.6411421	0
357.7544802	0.001977852
357.8678161	0
357.9811497	1.04E-04
358.0944811	0.001868567
358.2078103	0.001977852
358.3211373	0.001102231
358.434462	0
358.5477845	0.00189696
358.6611048	1.32E-04
358.7744229	0
358.8877388	8.99E-04
359.0010525	0.001187376
359.114364	5.58E-04
359.2276733	0.001073838
359.3409805	0.001665565
359.4542854	0.003458042
359.5675882	4.73E-05
359.6808888	0.002521399
359.7941872	2.46E-04
359.9074835	0.001017069
360.0207776	0.001012584
360.1340695	6.48E-04
360.2473593	0.001239708
360.360647	0.002322717
360.4739325	1.61E-04
360.5872158	7.05E-04
360.7004971	0.001268101
360.8137762	9.32E-04
360.9270532	0.001637173
361.040328	2.79E-04
361.1536008	0.002119815
361.2668714	7.33E-04
361.38014	0.001239708
361.4934064	0.001244144
361.6066708	8.71E-04
361.719933	3.36E-04
361.8331931	0
361.9464512	7.05E-04
362.0597072	0.001182923
362.1729611	5.20E-05
362.286213	4.45E-04
362.3994628	1.37E-04
362.5127105	0
362.6259561	0.00127252
362.7391997	7.00E-04
362.8524413	0.001414434
362.9656808	6.72E-04
363.0789183	0.00158474
363.1921537	9.84E-04
363.3053871	0.00158474
363.4186185	1.89E-04
363.5318479	3.93E-04
363.6450752	0.001523619
363.7583005	6.76E-04
363.8715239	7.00E-04
363.9847452	7.62E-04
364.0979645	5.02E-04
364.2111818	0.001414434
364.3243971	0.002091422
364.4376105	1.66E-04
364.5508219	0
364.6640312	0.001300913
364.7772386	0.001580387
364.8904441	0.002038873
365.0036476	4.73E-05
365.1168491	7.62E-04
365.2300486	4.45E-04
365.3432462	0.002776851
365.4564419	0.001466833
365.5696356	0.00127252
365.6828274	5.58E-04
365.7960173	2.79E-04
365.9092052	5.58E-04
366.0223912	0.001726654
366.1355752	0.001779119
366.2487574	0.001471203
366.3619376	0
366.475116	8.18E-04
366.5882924	0.001126154
366.701467	7.05E-04
366.8146396	0.002204976
366.9278104	0.002067266
367.0409792	4.16E-04
367.1541462	0
367.2673113	0.002176584
367.3804746	3.64E-04
367.4936359	0
367.6067955	0.001471203
367.7199531	0.002602441
367.8331089	8.04E-05
367.9462629	2.18E-04
368.059415	0.00263492
368.1725652	0.001523619
368.2857137	0.001698278
368.3988603	0.001580387
368.512005	8.75E-04
368.625148	0.001921083
368.7382891	8.18E-04
368.8514284	6.72E-04
368.9645659	8.47E-04
369.0777016	0.001069369
369.1908355	0.001556364
369.3039676	0.001012584
369.4170979	5.63E-04
369.5302265	0
369.6433532	0.001925336
369.7564782	0.002034637
369.8696014	0.00158474
369.9827228	2.18E-04
370.0958424	0
370.2089603	6.72E-04
370.3220765	0
370.4351908	0.001693958
370.5483035	5.35E-04
370.6614144	0.002233369
370.7745235	0.001868567
370.8876309	0.001864298
371.0007366	0.002180787
371.1138406	8.71E-04
371.2269428	4.49E-04
371.3400434	2.74E-04
371.4531422	3.64E-04
371.5662393	0.001040976
371.6793347	0.002351093
371.7924284	0
371.9055204	0.001130607
372.0186107	4.16E-04
372.1316993	0.002294324
372.2447863	0.001324886
372.3578716	2.79E-04
372.4709552	8.42E-04
372.5840371	0.001130607
372.6971174	0.002091422
372.810196	6.20E-04
372.9232729	3.60E-04
373.0363482	0.001669885
373.1494219	0.001779119
373.2624939	0
373.3755643	0.001921083
373.4886331	0.002379469
373.6017002	6.72E-04
373.7147657	0.001471203
373.8278296	0.002545655
373.9408918	0.001669885
374.0539525	0.001012584
374.1670115	0.001840191
374.280069	0.00115453
374.3931248	0.002720082
374.5061791	0.002659226
374.6192317	0
374.7322828	6.44E-04
374.8453323	4.49E-04
374.9583803	0.002176584
375.0714266	0.00127252
375.1844714	0.001523619
375.2975146	4.21E-04
375.4105563	0.002261762
375.5235964	0.001442827
375.636635	0.001779119
375.749672	0.002436238
375.8627075	0.001693958
375.9757415	3.64E-04
376.0887739	0
376.2018048	0.002493007
376.3148342	0.002375316
376.427862	3.64E-04
376.5408884	7.29E-04
376.6539132	0.001499595
376.7669365	0.002432101
376.8799584	0.002606544
376.9929787	1.61E-04
377.1059975	3.36E-04
377.2190149	0.00160878
377.3320308	0.002379469
377.4450452	4.73E-04
377.5580581	0.001045462
377.6710696	0.001580387
377.7840796	0.001300913
377.8970881	2.74E-04
378.0100952	0.001726654
378.1231008	0.002886351
378.236105	0.001414434
378.3491077	7.57E-04
378.462109	0
378.5751089	0.001324886
378.6881073	0.001925336
378.8011043	9.56E-04
378.9140999	7.33E-04
379.0270941	0
379.1400868	0.00189696
379.2530782	3.03E-04
379.3660682	0.001698278
379.4790567	4.73E-05
379.5920439	0.00127252
379.7050297	0.002233369
379.818014	0.003003909
379.9309971	0.002630833
380.0439787	0.001925336
380.156959	0.001069369
380.2699378	0.002407862
380.3829154	7.00E-04
380.4958916	7.33E-04
380.6088664	0.002318547
380.7218398	3.93E-04
380.834812	1.61E-04
380.9477828	0.001669885
381.0607522	0.00206303
381.1737203	0.002975533
381.2866871	0.001977852
381.3996526	0.001215752
381.5126167	0
381.6255796	0.001130607
381.7385411	7.85E-04
381.8515013	0.003344521
381.9644603	3.31E-04
382.0774179	0
382.1903742	0.001466833
382.3033293	5.06E-04
382.416283	0.001779119
382.5292355	0
382.6421867	0.001126154
382.7551367	0.001613133
382.8680853	0.001665565
382.9810328	8.47E-04
383.0939789	0.002148191
383.2069238	7.05E-04
383.3198675	3.60E-04
383.4328099	3.36E-04
383.5457511	5.02E-04
383.658691	0.001414434
383.7716297	0.002233369
383.8845672	0.003458042
383.9975035	0.002545655
384.1104385	0.001215752
384.2233724	0.001580387
384.336305	0.001641509
384.4492364	3.31E-04
384.5621667	0.001102231
384.6750957	4.45E-04
384.7880235	7.90E-04
384.9009502	0.00115453
385.0138757	6.20E-04
385.1268	0.002204976
385.2397231	0.001442827
385.3526451	0.001012584
385.4655659	0.002720082
385.5784855	1.61E-04
385.691404	0.00127252
385.8043213	0.001693958
385.9172375	0.002294324
386.0301526	9.84E-04
386.1430665	0.003060678
386.2559793	8.99E-04
386.3688909	0.003032302
386.4818014	0.001693958
386.5947109	0.00189696
386.7076191	0.001551995
386.8205263	0.00127252
386.9334324	0.001466833
387.0463374	0.00127252
387.1592413	8.42E-04
387.272144	0.001868567
387.3850457	0.001410048
387.4979464	1.66E-04
387.6108459	0.001069369
387.7237444	0.001017069
387.8366417	8.42E-04
387.9495381	0.001045462
388.0624333	0.002006244
388.1753275	0.00263492
388.2882207	0.001296494
388.4011128	0.003060678
388.5140039	0.001410048
388.6268939	0.002493007
388.7397829	3.88E-04
388.8526708	0.002067266
388.9655577	0.001182923
389.0784437	0.00294714
389.1913285	0.002204976
389.3042124	0.002152411
389.4170953	5.87E-04
389.5299772	0
389.642858	0.001012584
389.7557379	0.002606544
389.8686168	0.001296494
389.9814947	9.04E-04
390.0943716	0.002630833
390.2072475	0.002833619
390.3201225	0.003794834
390.4329965	0.002776851
390.5458695	0.001012584
390.6587415	0.001357682
390.7716127	0.002602441
390.8844828	9.04E-04
390.997352	0.004305869
391.1102203	9.60E-04
391.2230876	0.001779119
391.335954	0.002663313
391.4488195	0.002517279
391.5616841	0.001726654
391.6745477	9.56E-04
391.7874104	0
391.9002722	7.29E-04
392.0131331	0.001017069
392.1259931	0.001239708
392.2388522	0.003174215
392.3517104	0.001410048
392.4645677	0.002152411
392.5774241	0.002119815
392.6902797	0.002237556
392.8031344	0.001296494
392.9159882	0.003287753
393.0288411	0.00189269
393.1416932	0.001357682
393.2545444	0.001693958
393.3673947	0
393.4802443	0.001211316
393.5930929	0.00308907
393.7059407	3.31E-04
393.8187877	0.001300913
393.9316339	0.001977852
394.0444792	0.001357682
394.1573237	0.002006244
394.2701674	0.001982105
394.3830103	0.002488887
394.4958524	0.001868567
394.6086936	0.001779119
394.7215341	0.00294714
394.8343738	0.001268101
394.9472126	0.001755046
395.0600507	0.001779119
395.172888	0.001187376
395.2857246	0.002006244
395.3985603	0.002407862
395.5113953	0.002318547
395.6242295	0.001755046
395.737063	0.001069369
395.8498957	5.63E-04
395.9627276	0.002716011
396.0755588	0.00294714
396.1883893	0.002034637
396.301219	6.20E-04
396.414048	0.001864298
396.5268763	0.004536615
396.6397038	0.002432101
396.7525306	0.001499595
396.8653567	0.002148191
396.9781821	0.001471203
397.0910068	0.001353263
397.2038307	0.001868567
397.316654	0.002971512
397.4294766	7.90E-04
397.5422985	8.99E-04
397.6551197	0.001613133
397.7679402	0.001921083
397.8807601	0.002180787
397.9935792	0.001239708
398.1063977	6.76E-04
398.2192156	0.001353263
398.3320328	0.001556364
398.4448493	0.001495226
398.5576652	0.001783422
398.6704804	0.002091422
398.783295	1.94E-04
398.896109	0.002630833
399.0089223	5.35E-04
399.121735	0.002971512
399.2345471	0.001499595
399.3473585	0.001835905
399.4601694	0.001783422
399.5729796	0.001097762
399.6857892	0.004309557
399.7985983	0.003567709
399.9114067	0.002180787
400.0242145	0.001580387
400.1370218	0.00263492
400.2498284	0.003028298
400.3626345	0.002805227
400.47544	0.003141852
400.588245	0.002549776
400.7010493	0.001807512
400.8138532	0.002294324
400.9266564	0.002403709
401.0394591	0.002180787
401.1522613	0.002346923
401.2650629	0.001641509
401.377864	0.003113476
401.4906645	0.002493007
401.6034645	0.002148191
401.716264	0.00220918
401.8290629	0.002375316
401.9418614	9.32E-04
402.0546593	0.001381655
402.1674567	0.003741886
402.2802536	0.003681279
402.3930501	0.002265948
402.505846	0.002176584
402.6186414	0.003855407
402.7314364	0.003397369
402.8442308	0.004593384
402.9570248	0.002574048
403.0698183	0.004650153
403.1826114	0.001949459
403.295404	0.004792066
403.4081961	0.005157566
403.5209877	0.001840191
403.633779	0.003965173
403.7465697	0.003003909
403.8593601	0.002488887
403.9721499	0.003458042
404.0849394	0.003596101
404.1977284	0.002805227
404.310517	8.42E-04
404.4233052	0.002010497
404.536093	0.002318547
404.6488803	0.00308907
404.7616673	0.001239708
404.8744538	0.003543204
404.98724	0.004021958
405.1000258	0.001925336
405.2128111	6.44E-04
405.3255961	0.002549776
405.4383807	0.003681279
405.5511649	0.002861995
405.6639488	0.003028298
405.7767323	0.004139251
405.8895154	0.00277278
406.0022982	0.004082482
406.1150806	0.001921083
406.2278627	0.003599972
406.3406444	0.002488887
406.4534258	0.004423078
406.5662068	0.005185959
406.6789876	0.005388113
406.791768	0.003028298
406.904548	0.002720082
407.0173278	0.003738048
407.1301072	0.003032302
407.2428863	0.001921083
407.3556652	0.004735297
407.4684437	9.56E-04
407.5812219	0.00357158
407.6939998	0.003766441
407.8067775	0.00263492
407.9195549	0.004021958
408.032332	0.002322717
408.1451088	0.003681279
408.2578853	0.005161055
408.3706616	0.003170244
408.4834376	0.00308907
408.5962134	0.003113476
408.7089889	0.003514811
408.8217642	0.003368977
408.9345392	0.004025713
409.047314	0.002233369
409.1600885	0.00325936
409.2728628	0.003198637
409.3856369	0.004196019
409.4984108	0.004646547
409.6111845	0.00445147
409.7239579	0.004760102
409.8367311	0.003287753
409.9495042	0.003851619
410.062277	0.00325936
410.1750497	0.003368977
410.2878221	0.003543204
410.4005944	0.003170244
410.5133665	0.003968944
410.6261384	0.003340584
410.7389101	0.004110858
410.8516817	0.003794834
410.9644531	0.003855407
411.0772244	0.002432101
411.1899955	0.003883799
411.3027664	0.002375316
411.4155372	0.003401273
411.5283079	0.004249083
411.6410784	0.004252788
411.7538488	0.003113476
411.8666191	0.004479846
411.9793892	0.003624494
412.0921592	0.004905604
412.2049291	0.003965173
412.3176989	0.00445147
412.4304686	0.003255422
412.5432382	0.004167627
412.6560077	0.004021958
412.7687771	0.004423078
412.8815464	0.003908404
412.9943157	0.003032302
413.1070848	0.004192298
413.2198539	0.003344521
413.3326229	0.004135512
413.4453918	0.005473274
413.5581607	0.003681279
413.6709296	0.003685117
413.7836983	0.004021958
413.8964671	0.003656725
414.0092357	0.003397369
414.1220044	0.002464631
414.234773	0.005498261
414.3475416	0.004536615
414.4603101	0.004873672
414.5730786	0.004536615
414.6858472	0.003738048
414.7986157	0.004678529
414.9113841	0.004192298
415.0241526	0.002861995
415.1369211	0.003596101
415.2496896	0.004990748
415.3624581	0.004447815
415.4752266	0.004877211
415.5879952	0.00422069
415.7007637	0.003741886
415.8135323	0.004419423
415.9263009	0.004082482
416.0390696	0.004646547
416.1518383	0.004423078
416.264607	0.004930441
416.3773758	0.005104286
416.4901447	0.005924102
416.6029136	0.00325936
416.7156825	0.00305669
416.8284515	0.005558419
416.9412206	0.00572537
417.0539898	0.005047517
417.1667591	0.005157566
417.2795284	0.001783422
417.3922979	0.00467494
417.5050674	0.004025713
417.617837	0.00351094
417.7306067	0.004252788
417.8433766	0.00467494
417.9561465	0.003628348
418.0689166	0.00277278
418.1816868	0.00325936
418.2944571	0.004021958
418.4072275	0.003741886
418.5199981	0.004731709
418.6327688	0.00325936
418.7455396	0.003823226
418.8583106	0.004990748
418.9710818	0.005384691
419.0838531	0.004252788
419.1966245	0.006491922
419.3093962	0.00308907
419.4221679	0.004703333
419.5349399	0.00493398
419.6477121	0.004249083
419.7604844	0.005331361
419.8732569	0.004050351
419.9860296	0.005047517
420.0988025	0.004078744
420.2115756	0.00357158
420.3243489	0.004958834
420.4371224	0.00445147
420.5498962	0.005044012
420.6626701	0.00507591
420.7754443	0.005072404
420.8882187	0.004678529
421.0009933	0.005498261
421.1137682	0.003855407
421.2265433	0.006406744
421.3393186	0.005416506
421.4520942	0.003028298
421.56487	0.005388113
421.6776461	0.005356298
421.7904225	0.004990748
421.9031991	0.00572537
422.015976	0.005643564
422.1287532	0.005498261
422.2415307	0.003968944
422.3543084	0.004249083
422.4670865	0.004706921
422.5798648	0.005640208
422.6926434	0.005189431
422.8054223	0.005498261
422.9182015	0.004423078
423.0309811	0.004419423
423.1437609	0.005161055
423.2565411	0.006917762
423.3693216	0.00445147
423.4821024	0.006491922
423.5948836	0.005530043
423.7076651	0.004305869
423.8204469	0.005274592
423.9332291	0.005214351
424.0460116	0.005530043
424.1587945	0.006179619
424.2715778	0.005473274
424.3843614	0.007116495
424.4971453	0.005586795
424.6099297	0.007485566
424.7227144	0.00612609
424.8354995	0.004816887
424.948285	0.004962372
425.0610709	0.004703333
425.1738572	0.006040945
425.2866439	0.005327905
425.399431	0.006778906
425.5122184	0.005952494
425.6250063	0.003968944
425.7377947	0.006747423
425.8505834	0.005331361
425.9633726	0.006804208
426.0761622	0.007630404
426.1889522	0.00583894
426.3017427	0.00675053
426.4145336	0.006633869
426.5273249	0.006665368
426.6401167	0.006860994
426.752909	0.00717627
426.8657017	0.006974548
426.9784949	0.006069321
427.0912886	0.007144887
427.2040827	0.006551847
427.3168774	0.00700294
427.4296725	0.00643831
427.5424681	0.007655922
427.6552641	0.008623832
427.7680607	0.006236405
427.8808578	0.007772334
427.9936554	0.006974548
428.1064535	0.00916311
428.2192521	0.007286834
428.3320512	0.007914247
428.4448509	0.007513959
428.557651	0.008708977
428.6704517	0.007542351
428.783253	0.008368381
428.8960548	0.007286834
429.0088571	0.007829086
429.12166	0.008138548
429.2344634	0.007658796
429.3472674	0.007968208
429.460072	0.007289808
429.5728771	0.008252119
429.6856828	0.008822514
429.7984891	0.00745719
429.9112959	0.007091126
430.0241033	0.008564405
430.1369114	0.007602028
430.24972	0.009927137
430.3625292	0.008453526
430.475339	0.006577083
430.5881495	0.010951267
430.7009605	0.007570744
430.8137721	0.008623832
430.9265844	0.007570744
431.0393973	0.01066744
431.1522109	0.011176315
431.265025	0.007573635
431.3778398	0.008110155
431.4906553	0.008680601
431.6034714	0.008677959
431.7162881	0.009872694
431.8291055	0.008734744
431.9419236	0.010497134
432.0547423	0.008905084
432.1675617	0.010440365
432.2803817	0.010835636
432.3932025	0.009588867
432.5060239	0.010296209
432.618846	0.010184914
432.7316688	0.011914459
432.8444923	0.009191503
432.9573165	0.011289869
433.0701414	0.011348632
433.182967	0.009416119
433.2957934	0.011490562
433.4086204	0.008677959
433.5214482	0.011632476
433.6342767	0.009870352
433.7471059	0.010326828
433.8599358	0.010012315
433.9727665	0.011689244
434.085598	0.012198369
434.1984302	0.011093181
434.3112631	0.011800904
434.4240968	0.012171754
434.5369313	0.011062745
434.6497665	0.011178342
434.7626025	0.010381387
434.8754393	0.011178342
434.9882769	0.011545387
435.1011152	0.011064805
435.2139543	0.010807244
435.3267943	0.012086609
435.439635	0.014270852
435.5524765	0.013590922
435.6653188	0.010920798
435.778162	0.011774389
435.8910059	0.012198369
436.0038507	0.012852962
436.1166963	0.011318262
436.2295427	0.012313667
436.34239	0.012084798
436.4552381	0.013221951
436.568087	0.012936512
436.6809368	0.014442437
436.7937874	0.010892405
436.9066389	0.013534154
437.0194913	0.010069084
437.1323445	0.012711048
437.2451986	0.011829297
437.3580535	0.011490562
437.4709093	0.010835636
437.5837661	0.013449009
437.6966237	0.012397101
437.8094822	0.013846373
437.9223415	0.013220405
438.0352018	0.012483973
438.148063	0.012794565
438.2609251	0.012171754
438.3737881	0.012198369
438.486652	0.014385668
438.5995169	0.011857673
438.7123826	0.012143378
438.8252493	0.012482262
438.938117	0.011973071
439.0509856	0.012766172
439.1638551	0.012994876
439.2767255	0.011687334
439.389597	0.014811409
439.5024693	0.013703048
439.6153427	0.012966499
439.728217	0.012822941
439.8410923	0.013534154
439.9539685	0.013589494
440.0668457	0.013903142
440.1797239	0.01344753
440.2926031	0.016003519
440.4054833	0.01344753
440.5183645	0.014584351
440.6312467	0.013986958
440.7441299	0.015776444
440.8570141	0.014696708
440.9698993	0.01339224
441.0827855	0.013475923
441.1956728	0.014641119
441.3085611	0.014753494
441.4214504	0.013903142
441.5343408	0.014327637
441.6472322	0.016684728
441.7601246	0.01506578
441.8730181	0.015095253
441.9859126	0.016059441
442.0988082	0.014300507
442.2117049	0.01373144
442.3246026	0.014357276
442.4375015	0.016854369
442.5504013	0.015180397
442.6633023	0.016712423
442.7762043	0.015095253
442.8891075	0.016854369
443.0020117	0.016088664
443.114917	0.017308619
443.2278235	0.015265559
443.340731	0.017961601
443.4536397	0.016344115
443.5665494	0.016769208
443.6794603	0.017706532
443.7923723	0.015747155
443.9052855	0.017422688
444.0181998	0.01552003
444.1311152	0.016684728
444.2440317	0.015747155
444.3569494	0.015918374
444.4698683	0.015747155
444.5827883	0.018643175
444.6957095	0.015661976
444.8086318	0.015549386
444.9215553	0.017762869
445.03448	0.017820053
445.1474059	0.018046762
445.2603329	0.018728336
445.3732611	0.017450566
445.4861905	0.016798248
445.5991212	0.017109887
445.712053	0.01657119
445.824986	0.017308619
445.9379202	0.016117057
446.0508557	0.016769208
446.1637923	0.021680211
446.2767302	0.017478958
446.3896693	0.018870249
446.5026097	0.017223441
446.6155512	0.018955394
446.7284941	0.018103547
446.8414381	0.019664979
446.9543834	0.018273887
447.06733	0.019040539
447.1802778	0.01739378
447.2932269	0.019012163
447.4061772	0.016201388
447.5191289	0.020289418
447.6320818	0.021623941
447.7450359	0.018898626
447.8579914	0.018330672
447.9709482	0.018671567
448.0839062	0.020204423
448.1968655	0.019636603
448.3098262	0.019437887
448.4227881	0.019863661
448.5357514	0.019494672
448.648716	0.019409528
448.7616819	0.018983637
448.8746491	0.020630014
448.9876176	0.018330672
449.1005875	0.020828696
449.2135587	0.019920529
449.3265313	0.02023265
449.4395052	0.019068815
449.5524804	0.019636603
449.6654571	0.018671351
449.778435	0.020005575
449.8914144	0.02108453
450.0043951	0.020488101
450.1173771	0.017450566
450.2303606	0.021027379
450.3433454	0.020942566
450.4563317	0.020488101
450.5693193	0.018898476
450.6823083	0.021708587
450.7952987	0.022191744
450.9082905	0.021992414
451.0212837	0.021254869
451.1342783	0.021453136
451.2472744	0.021283262
451.3602719	0.021822125
451.4732708	0.021595548
451.5862711	0.023042611
451.6992728	0.023838387
451.812276	0.023610282
451.9252807	0.023781601
452.0382868	0.024632086
452.1512943	0.023497708
452.2643033	0.025256509
452.3773138	0.025598583
452.4903257	0.025256509
452.6033391	0.024037119
452.716354	0.023212917
452.8293703	0.024406191
452.9423882	0.022304634
453.0554075	0.02457653
453.1684283	0.023979254
453.2814506	0.021907851
453.3944744	0.023014218
453.5074998	0.022362084
453.6205266	0.023014218
453.7335549	0.023951941
453.8465848	0.024802376
453.9596162	0.02429262
454.0726491	0.023865733
454.1856836	0.024803655
454.2987195	0.025256509
454.4117571	0.022305315
454.5247961	0.023014218
454.6378368	0.021737495
454.7508789	0.022929073
454.8639227	0.022986673
454.976968	0.025001058
455.0900148	0.022731155
455.2030633	0.024092791
455.3161133	0.024065512
455.4291649	0.026448619
455.542218	0.024973994
455.6552728	0.024433404
455.7683292	0.023327352
455.8813871	0.024972682
455.9944467	0.021737495
456.1075079	0.027300117
456.2205707	0.024803655
456.3336351	0.025937717
456.4467011	0.022163352
456.5597687	0.026647302
456.672838	0.02486044
456.7859089	0.025568729
456.8989815	0.027046494
457.0120556	0.024745607
457.1251315	0.024945602
457.238209	0.026391851
457.3512881	0.023100244
457.4643689	0.024036022
457.5774514	0.025286281
457.6905355	0.025597121
457.8036213	0.024037119
457.9167088	0.02670407
458.029798	0.024633315
458.1428889	0.026959521
458.2559814	0.025371459
458.3690757	0.02670407
458.4821716	0.026507066
458.5952693	0.025398439
458.7083686	0.026734191
458.8214697	0.026590533
458.9345725	0.022447262
459.047677	0.028208384
459.1607833	0.02619478
459.2738913	0.027442031
459.387001	0.027160048
459.5001124	0.027129828
459.6132256	0.02735878
459.7263406	0.027697482
459.8394573	0.026677405
459.9525757	0.029201812
460.065696	0.028096923
460.1788179	0.028747679
460.2919417	0.029459655
460.4050672	0.030734518
460.5181945	0.02997069
460.6313236	0.029230188
460.7444545	0.029488048
460.8575872	0.03141571
460.9707217	0.030254584
461.083858	0.02931535
461.1969961	0.029800351
461.310136	0.029343726
461.4232777	0.031163083
461.5364212	0.030564212
461.6495666	0.031816048
461.7627138	0.030791287
461.8758628	0.030935958
461.9890136	0.029911396
462.1021663	0.029828727
462.2153209	0.031046738
462.3284773	0.030368155
462.4416355	0.030706126
462.5547956	0.033036834
462.6679576	0.030195224
462.7811215	0.030084245
462.8942872	0.031955005
463.0074548	0.030027459
463.1206242	0.031217028
463.2337956	0.029204155
463.3469689	0.028974737
463.460144	0.026620637
463.5733211	0.030791287
463.6865	0.031560548
463.7996809	0.032465907
463.9128637	0.030794012
464.0260483	0.029286957
464.139235	0.033207173
464.2524235	0.031273796
464.365614	0.031446977
464.4788064	0.032182063
464.5920007	0.032327083
464.705197	0.032323993
464.8183952	0.031333423
464.9315954	0.032125311
465.0447976	0.031446977
465.1580017	0.035417782
465.2712078	0.035591959
465.3844158	0.034736574
465.4976258	0.033831762
465.6108378	0.034310833
465.7240518	0.035052548
465.8372678	0.036723413
465.9504857	0.035591959
466.0637057	0.035559695
466.1769276	0.03848778
466.2901516	0.036411193
466.4033776	0.037692851
466.5166056	0.037660072
466.6298356	0.03919753
466.7430676	0.036013829
466.8563017	0.036614012
466.9695378	0.035162331
467.0827759	0.038828459
467.1960161	0.036240904
467.3092583	0.034626691
467.4225026	0.03882379
467.5357489	0.035819084
467.6489973	0.037574928
467.7622477	0.038942013
467.8755002	0.037801986
467.9887548	0.040304762
468.1020115	0.038170975
468.2152702	0.03848778
468.3285311	0.038426426
468.441794	0.037692851
468.555059	0.036723413
468.6683261	0.03820387
468.7815953	0.041151226
468.8948666	0.038743281
469.0081401	0.042598787
469.1214156	0.040446708
469.2346933	0.039504998
469.3479731	0.042008173
469.461255	0.04336514
469.5745391	0.041468762
469.6878253	0.03882379
469.8011136	0.042405637
469.9144041	0.043790897
470.0276967	0.042831494
470.1409915	0.044699164
470.2542885	0.044705245
470.3675876	0.043876042
470.4808889	0.04638028
470.5941924	0.044755933
470.707498	0.046607405
470.8208058	0.050773204
470.9341159	0.049105744
471.0474281	0.048474161
471.1607425	0.048254031
471.2740591	0.048757988
471.3873779	0.04842437
471.5006989	0.049950098
471.6140221	0.048197262
471.7273476	0.047878097
471.8406753	0.050298137
471.9540052	0.05094351
472.0673373	0.047629441
472.1806717	0.051284106
472.2940083	0.049276084
472.4073471	0.048389
472.5206882	0.04709003
472.6340316	0.04807678
472.7473772	0.048793458
472.8607251	0.04895667
472.9740752	0.049673548
473.0874276	0.048985063
473.2007823	0.050099405
473.3141393	0.053157425
473.4274985	0.05149053
473.5408601	0.050886741
473.6542239	0.052115119
473.7675901	0.053214193
473.8809585	0.05103628
473.9943292	0.052816812
474.1077023	0.052995209
474.2210777	0.051908545
474.3344554	0.054982531
474.4478354	0.053554789
474.5612177	0.054499905
474.6746024	0.055428091
474.7879894	0.054301173
474.9013788	0.052845205
475.0147705	0.054641852
475.1281645	0.054945582
475.2415609	0.058162245
475.3549597	0.059600453
475.4683609	0.056543995
475.5817644	0.061218304
475.6951702	0.060859333
475.8085785	0.061019621
475.9219891	0.060603816
476.0354021	0.06076417
476.1488176	0.066253477
476.2622354	0.062864548
476.3756556	0.064550066
476.4890782	0.061360234
476.6025032	0.065685673
476.7159307	0.064766242
476.8293605	0.065486941
476.9427928	0.063630901
477.0562275	0.065515334
477.1696646	0.065050069
477.2831042	0.068865388
477.3965462	0.0665544
477.5099906	0.066026352
477.6234375	0.066185411
477.7368869	0.067985298
477.8503387	0.068087106
477.963793	0.070199727
478.0772497	0.066639544
478.1907089	0.068524709
478.3041706	0.072089161
478.4176348	0.069319637
478.5311014	0.072827138
478.6445705	0.071136619
478.7580422	0.069307592
478.8715163	0.073152317
478.9849929	0.074813978
479.098472	0.074429887
479.2119537	0.077652315
479.3254378	0.077865119
479.4389245	0.07924179
479.5524137	0.078972334
479.6659054	0.076885962
479.7793997	0.07956853
479.8928965	0.081115092
480.0063958	0.082293995
480.1198977	0.081342151
480.2334022	0.083088923
480.3469092	0.085088771
480.4604187	0.089050888
480.5739308	0.087416207
480.6874455	0.092940352
480.8009627	0.090595157
480.9144826	0.091293726
481.028005	0.093575408
481.14153	0.094757334
481.2550576	0.098031613
481.3685877	0.099583691
481.4821205	0.093887628
481.5956559	0.096517531
481.7091939	0.099791378
481.8227345	0.096375584
481.9362777	0.099848147
482.0498236	0.100066317
482.163372	0.099450782
482.2769231	0.099356566
482.3904768	0.103254155
482.5040332	0.100435388
482.6175922	0.102970328
482.7311539	0.105432084
482.8447182	0.104673324
482.9582852	0.10387062
483.0718548	0.107000776
483.1854271	0.107220674
483.2990021	0.105751897
483.4125797	0.10810078
483.52616	0.10907276
483.639743	0.108838923
483.7533287	0.109612055
483.8669171	0.11105337
483.9805081	0.109129529
484.0941019	0.107504584
484.2076984	0.111996259
484.3212976	0.113835619
484.4348995	0.113443804
484.5485041	0.114147906
484.6621115	0.117162032
484.7757215	0.117128888
484.8893343	0.118439287
485.0029499	0.118974262
485.1165682	0.118694738
485.2301892	0.122863727
485.343813	0.125393234
485.4574395	0.123630263
485.5710688	0.125818975
485.6847008	0.127604906
485.7983357	0.126528559
485.9119732	0.126440906
486.0256136	0.131751117
486.1392568	0.134560531
486.2529027	0.138279307
486.3665514	0.137285995
486.4802029	0.139726852
486.5938572	0.141317423
486.7075143	0.142366524
486.8211743	0.152020566
486.934837	0.151931733
487.0485025	0.152105727
487.1621709	0.153180596
487.2758421	0.158692281
487.3895161	0.163994684
487.503193	0.160764764
487.6168727	0.160929272
487.7305552	0.158749066
487.8442406	0.16359732
487.9579288	0.169480585
488.0716199	0.166378888
488.1853139	0.171467906
488.2990107	0.168110277
488.4127104	0.169594156
488.5264129	0.172850309
488.6401184	0.171581477
488.7538267	0.173957258
488.8675379	0.176180692
488.981252	0.177618734
489.094969	0.181063834
489.2086889	0.184742971
489.3224116	0.183846084
489.4361373	0.186445966
489.549866	0.190489406
489.6635975	0.190646721
489.777332	0.192647067
489.8910693	0.194137874
490.0048096	0.203435388
490.1185529	0.207534849
490.2322991	0.209170227
490.3460482	0.206768496
490.4598003	0.212179585
490.5735553	0.214346882
490.6873133	0.215728371
490.8010743	0.221896859
490.9148382	0.224500978
491.0286051	0.23472618
491.1423749	0.234891834
491.2561478	0.242673538
491.3699236	0.242500424
491.4837024	0.250847955
491.5974842	0.261152853
491.7112691	0.256269196
491.8250569	0.267370318
491.9388477	0.271482704
492.0526415	0.280089175
492.1664383	0.2795436
492.2802382	0.284943907
492.3940411	0.289619711
492.507847	0.294965692
492.6216559	0.296318207
492.7354679	0.300303067
492.8492829	0.299184921
492.963101	0.302687853
493.0769221	0.308920436
493.1907463	0.31217021
493.3045735	0.310282836
493.4184038	0.320176265
493.5322372	0.320302196
493.6460736	0.324661942
493.7599132	0.329526809
493.8737558	0.325059407
493.9876014	0.320756329
494.1014502	0.326876372
494.2153021	0.328363075
494.329157	0.328466229
494.4430151	0.332194841
494.5568763	0.335109568
494.6707406	0.331712331
494.784608	0.339708783
494.8984785	0.337644457
495.0123522	0.344620318
495.126229	0.346159486
495.2401089	0.348793692
495.3539919	0.352176774
495.4678781	0.34802714
495.5817675	0.357910218
495.69566	0.3554938
495.8095556	0.35737094
495.9234544	0.361881604
496.0373564	0.381298159
496.1512616	0.375707676
496.2651699	0.382376732
496.3790814	0.378603497
496.4929961	0.38703162
496.606914	0.38490614
496.7208351	0.393559809
496.8347593	0.389618926
496.9486868	0.407496063
497.0626175	0.401457676
497.1765513	0.415869178
497.2904884	0.42922339
497.4044288	0.42563307
497.5183723	0.432914122
497.6323191	0.434261637
497.7462691	0.445803319
497.8602223	0.449361607
497.9741788	0.449181765
498.0881385	0.457365735
498.2021014	0.464853211
498.3160677	0.471160074
498.4300371	0.480240747
498.5440099	0.492390887
498.6579859	0.497558819
498.7719652	0.511663219
498.8859477	0.520498177
498.9999336	0.526791583
499.1139227	0.530008927
499.2279151	0.536896087
499.3419108	0.547043105
499.4559098	0.557672749
499.5699121	0.567909963
499.6839178	0.572659199
499.7979267	0.574922373
499.9119389	0.57793851
500.0259545	0.58590941
500.1399734	0.592811422
500.2539956	0.593858695
500.3680212	0.595536239
500.48205	0.600587195
500.5960823	0.595536239
500.7101179	0.604079212
500.8241568	0.610409151
500.9381991	0.614498445
501.0522447	0.624600856
501.1662937	0.629914374
501.2803461	0.630391085
501.3944019	0.629999535
501.508461	0.641120012
501.6225235	0.634513605
501.7365894	0.655453646
501.8506587	0.66270516
501.9647314	0.681254168
502.0788075	0.679341874
502.192887	0.690819394
502.3069699	0.693366678
502.4210562	0.70191731
502.5351459	0.712870803
502.6492391	0.716194159
502.7633357	0.728769374
502.8774357	0.729988515
502.9915391	0.747790874
503.105646	0.755306528
503.2197563	0.760822017
503.3338701	0.757264975
503.4479873	0.770815393
503.562108	0.786386377
503.6762322	0.80371975
503.7903598	0.816132202
503.9044909	0.815019089
504.0186255	0.827542337
504.1327635	0.840939429
504.246905	0.84545227
504.3610501	0.855446858
504.4751986	0.878916323
504.5893506	0.875944661
504.7035061	0.880108433
504.8176651	0.876597626
504.9318276	0.883060308
505.0459937	0.895278447
505.1601632	0.901509535
505.2743363	0.903454857
505.3885129	0.913146729
505.5026931	0.906180322
505.6168768	0.908548627
505.731064	0.909587161
505.8452548	0.914622667
505.9594491	0.915889804
506.073647	0.908463465
506.1878484	0.906464216
506.3020534	0.908491858
506.416262	0.924122983
506.5304741	0.922229429
506.6446898	0.928438305
506.7589092	0.928757619
506.873132	0.923611965
506.9873585	0.923989194
507.1015886	0.920943269
507.2158223	0.9255219
507.3300595	0.932412948
507.4443004	0.930091643
507.5585449	0.932072269
507.672793	0.918624738
507.7870448	0.920716144
507.9013001	0.924840708
508.0155591	0.931334125
508.1298217	0.924216269
508.244088	0.923328055
508.3583579	0.932646153
508.4726315	0.938602037
508.5869087	0.921349538
508.7011895	0.919750876
508.8154741	0.928984677
508.9297623	0.9232145
509.0440541	0.929836192
509.1583497	0.934996465
509.2726489	0.940707032
509.3869518	0.932753626
509.5012584	0.929722654
509.6155686	0.933435001
509.7298826	0.928814387
509.8442003	0.935422322
509.9585217	0.935881855
510.0728468	0.935365537
510.1871756	0.943034484
510.3015081	0.950242055
510.4158443	0.950868305
510.5301843	0.956686644
510.644528	0.963725985
510.7588755	0.96330159
510.8732266	0.966450802
510.9875816	0.957509966
511.1019403	0.953280885
511.2163027	0.954330252
511.3306689	0.977974475
511.4450388	0.972216144
511.5594126	0.974029172
511.6737901	0.992174519
511.7881713	0.980812812
511.9025564	0.985616359
512.0169452	0.989668437
512.1313378	0.984537537
512.2457343	0.985354162
512.3601345	0.981301037
512.4745385	0.982430664
512.5889463	0.98132943
512.703358	0.985127087
512.8177734	0.987490126
512.9321927	1
513.0466158	0.992430037
513.1610427	0.993386666
513.2754735	0.976957323
513.3899081	0.970310944
513.5043466	0.97721284
513.6187889	0.977719024
513.733235	0.974089895
513.847685	0.965826362
513.9621389	0.963528715
514.0765966	0.954756839
514.1910582	0.96625418
514.3055237	0.944510422
514.419993	0.946267412
514.5344662	0.939259487
514.6489434	0.937239304
514.7634244	0.92733845
514.8779093	0.927984072
514.9923981	0.919845225
515.1068908	0.919523751
515.2213874	0.927934497
515.3358879	0.913221108
515.4503924	0.914963279
515.5649008	0.923413233
515.6794131	0.922257805
515.7939293	0.918615269
515.9084494	0.933384113
516.0229736	0.933321447
516.1375016	0.934661369
516.2520336	0.949787805
516.3665696	0.940309668
516.4811095	0.93934018
516.5956533	0.9450497
516.7102012	0.941128769
516.824753	0.935541259
516.9393088	0.936444376
517.0538685	0.938578279
517.1684323	0.940674519
517.283	0.94385759
517.3975718	0.933264661
517.5121475	0.921207625
517.6267272	0.926848448
517.741311	0.914963279
517.8558987	0.922646697
517.9704905	0.914083388
518.0850863	0.903227733
518.1996861	0.90931498
518.3142899	0.909246465
518.4288978	0.907157834
518.5435097	0.900615822
518.6581256	0.895662554
518.7727456	0.8951365
518.8873697	0.878433813
519.0019978	0.880742625
519.1166299	0.868641529
519.2312662	0.854595161
519.3459064	0.839832347
519.4605508	0.838128786
519.5751993	0.831544392
519.6898518	0.824615001
519.8045084	0.817097237
519.9191691	0.802129893
520.0338339	0.809149879
520.1485028	0.791852607
520.2631758	0.781532807
520.3778529	0.778963411
520.4925341	0.764389211
520.6072195	0.761191089
520.7219089	0.742420455
520.8366025	0.741261106
520.9513002	0.745826463
521.0660021	0.734560999
521.1807081	0.731407684
521.2954182	0.735185588
521.4101325	0.72615675
521.5248509	0.723431999
521.6395735	0.723602239
521.7543003	0.724454053
521.8690312	0.719798866
521.9837663	0.701770213
522.0985055	0.701094188
522.213249	0.700918499
522.3279966	0.680345902
522.4427484	0.680505874
522.5575044	0.665586527
522.6722646	0.659525446
522.787029	0.659313788
522.9017976	0.657623302
523.0165704	0.651962477
523.1313475	0.643910785
523.2461287	0.628432621
523.3609142	0.636046677
523.4757039	0.624515711
523.5904979	0.630141498
523.705296	0.616029074
523.8200984	0.613334445
523.9349051	0.609500885
524.049716	0.602659695
524.1645312	0.603625511
524.2793506	0.596016356
524.3941743	0.599226074
524.5090022	0.604419891
524.6238345	0.597267627
524.738671	0.593347677
524.8535118	0.590711062
524.9683568	0.573758373
525.0832062	0.575298855
525.1980598	0.582048338
525.3129178	0.57521371
525.42778	0.57140198
525.5426466	0.573482321
525.6575175	0.573133784
525.7723927	0.573822917
525.8872722	0.570692213
526.002156	0.564711841
526.1170442	0.558143712
526.2319367	0.555742678
526.3468335	0.554907213
526.4617347	0.554522192
526.5766402	0.543096855
526.6915501	0.541210362
526.8064643	0.535743766
526.9213829	0.536243271
527.0363059	0.531286498
527.1512332	0.524435771
527.2661649	0.513712908
527.381101	0.516261338
527.4960415	0.512321783
527.6109863	0.509392552
527.7259356	0.512605677
527.8408892	0.500763986
527.9558472	0.49971648
528.0708097	0.495825271
528.1857765	0.489950229
528.3007478	0.485607246
528.4157235	0.481660265
528.5307036	0.481945787
528.6456881	0.478736052
528.7606771	0.473913267
528.8756705	0.477685622
528.9906684	0.481718712
529.1056706	0.472745711
529.2206774	0.46287212
529.3356886	0.470559658
529.4507042	0.468009517
529.5657243	0.473029605
529.6807489	0.466448435
529.795778	0.459004801
529.9108115	0.45529375
530.0258495	0.458720908
530.140892	0.453477217
530.2559389	0.45451914
530.3709904	0.455123444
530.4860464	0.453752604
530.6011069	0.45529375
530.7161718	0.460679836
530.8312413	0.45378942
530.9463153	0.450714837
531.0613939	0.452001263
531.1764769	0.440040087
531.2915645	0.447317999
531.4066566	0.439983301
531.5217532	0.440080225
531.6368544	0.436292569
531.7519602	0.428159188
531.8670705	0.423971176
531.9821853	0.425264081
532.0973047	0.419201605
532.2124287	0.421772928
532.3275572	0.420734693
532.4426903	0.418139845
532.557828	0.422863961
532.6729703	0.41853721
532.7881171	0.419371961
532.9032686	0.416976127
533.0184246	0.415113408
533.1335852	0.416493601
533.2487505	0.400747925
533.3639203	0.405906588
533.4790948	0.395609282
533.5942739	0.388734616
533.7094576	0.381045051
533.8246459	0.382944403
533.9398389	0.381783211
534.0550365	0.372527696
534.1702387	0.36994446
534.2854456	0.361401388
534.4006571	0.355153104
534.5158733	0.350360241
534.6310941	0.342774943
534.7463196	0.343548207
534.8615498	0.338573175
534.9767846	0.3358563
535.0920241	0.332809943
535.2072683	0.334380363
535.3225172	0.335109568
535.4377708	0.329867405
535.553029	0.318217336
535.668292	0.320784705
535.7835596	0.322333925
535.898832	0.316442037
536.014109	0.3174508
536.1293908	0.311446571
536.2446773	0.315151192
536.3599685	0.317549003
536.4752645	0.31143205
536.5905652	0.311276265
536.7058706	0.312113425
536.8211808	0.306593001
536.9364957	0.305583657
537.0518153	0.300093187
537.1671397	0.304561604
537.2824689	0.303357282
537.3978028	0.298031836
537.5131416	0.299639054
537.628485	0.292808031
537.7438333	0.295069328
537.8591863	0.295107639
537.9745441	0.288597907
538.0899067	0.280003997
538.2052741	0.284028181
538.3206463	0.288350746
538.4360233	0.285646032
538.5514052	0.27969171
538.6667918	0.27151108
538.7821832	0.2747518
538.8975795	0.274065591
539.0129806	0.274070425
539.1283865	0.274519724
539.2437972	0.271742425
539.3592128	0.270404131
539.4746333	0.265922424
539.5900585	0.26623177
539.7054887	0.259534603
539.8209237	0.261463361
539.9363635	0.25967655
540.0518082	0.263336663
540.1672578	0.259988853
540.2827123	0.252891563
540.3981716	0.257206603
540.5136358	0.25802896
540.6291049	0.259421032
540.7445789	0.261179518
540.8600578	0.260414693
540.9755416	0.255531219
541.0910303	0.259051961
541.2065239	0.256950387
541.3220224	0.260272746
541.4375259	0.256922011
541.5530342	0.251301424
541.6685475	0.247839311
541.7840658	0.250847174
541.8995889	0.246505287
542.015117	0.246020818
542.1306501	0.242105868
542.2461881	0.242443639
542.361731	0.243695326
542.4772789	0.242897889
542.5928318	0.244887436
542.7083896	0.236595246
542.8239524	0.238983686
542.9395202	0.234096906
543.055093	0.235293834
543.1706707	0.231854067
543.2862534	0.237110384
543.4018412	0.230690067
543.5174339	0.225160954
543.6330316	0.22614762
543.7486344	0.228453441
543.8642421	0.228418835
543.9798549	0.226949111
544.0954727	0.224359031
544.2110955	0.223713409
544.3267233	0.223961567
544.4423562	0.221187275
544.5579941	0.221945853
544.673637	0.218803071
544.789285	0.219703014
544.9049381	0.217298757
545.0205962	0.214933443
545.1362593	0.221045361
545.2519276	0.21842546
545.3676009	0.216333722
545.4832792	0.218624192
545.5989627	0.219001753
545.7146512	0.217999603
545.8303448	0.216163415
545.9460435	0.211214317
546.0617473	0.211735603
546.1774562	0.213655888
546.2931702	0.211678834
546.4088893	0.213769442
546.5246136	0.212445187
546.6403429	0.211469835
546.7560774	0.211962661
546.871817	0.210419389
546.9875617	0.210401579
547.1033116	0.208687585
547.2190666	0.205831853
547.3348267	0.206785442
547.450592	0.201801405
547.5663624	0.201561621
547.682138	0.202482597
547.7979188	0.197019174
547.9137047	0.202397452
548.0294958	0.19968787
548.1452921	0.195329984
548.2610935	0.194946691
548.3769002	0.190504807
548.492712	0.189552531
548.608529	0.188688257
548.7243512	0.18739487
548.8401787	0.18505519
548.9560113	0.181801977
549.0718491	0.17795933
549.1876922	0.176947245
549.3035404	0.171998811
549.4193939	0.171382745
549.5352526	0.167343924
549.6511166	0.167805566
549.7669858	0.16632212
549.8828602	0.162553353
549.9987399	0.164306904
550.1146248	0.159572371
550.230515	0.159538479
550.3464104	0.157783781
550.4623111	0.159652016
550.5782171	0.153127781
550.6941283	0.157182667
550.8100449	0.155853245
550.9259667	0.154684926
551.0418938	0.153014227
551.1578261	0.155678337
551.2737638	0.152985834
551.3897068	0.145148092
551.505655	0.14585987
551.6216086	0.146709175
551.7375675	0.144014495
551.8535317	0.139301111
551.9695013	0.143020834
552.0854761	0.142309755
552.2014563	0.141487763
552.3174418	0.141486633
552.4334327	0.136576245
552.5494289	0.131296984
552.6654304	0.13194862
552.7814374	0.132034944
552.8974496	0.12916637
553.0134672	0.12661372
553.1294902	0.124794263
553.2455186	0.130388717
553.3615523	0.127235834
553.4775914	0.130445486
553.5936359	0.124226459
553.7096858	0.124797171
553.825741	0.122920512
553.9418017	0.124456575
554.0578678	0.120904798
554.1739393	0.119006958
554.2900161	0.123374745
554.4060984	0.120397751
554.5221862	0.118747138
554.6382793	0.119319178
554.7543779	0.113466548
554.8704818	0.11423855
554.9865913	0.11599328
555.1027062	0.112138173
555.2188265	0.115766156
555.3349522	0.11330189
555.4510835	0.10943512
555.5672201	0.111286675
555.6833623	0.109860977
555.7995099	0.107795505
555.915663	0.101911691
556.0318215	0.103679912
556.1479856	0.103132477
556.2641551	0.101778217
556.3803301	0.101826513
556.4965106	0.101380853
556.6126966	0.100378619
556.7288881	0.104928775
556.8450851	0.102082031
556.9612877	0.100359049
557.0774957	0.100719298
557.1937093	0.097208491
557.3099283	0.096403977
557.426153	0.096186687
557.5423831	0.097795102
557.6586188	0.095874467
557.77486	0.094303085
557.8911068	0.091957557
558.0073591	0.091407281
558.123617	0.090765447
558.2398804	0.090498798
558.3561494	0.089573353
558.472424	0.089902601
558.5887042	0.091389886
558.7049899	0.086950012
558.8212812	0.089232757
558.9375781	0.085899566
559.0538806	0.085486136
559.1701887	0.085672441
559.2865023	0.082704567
559.4028216	0.084423263
559.5191465	0.084577869
559.635477	0.081839745
559.7518132	0.084066967
559.8681549	0.080249905
559.9845023	0.078447044
560.1008553	0.07973887
560.2172139	0.077652315
560.3335782	0.074543441
560.4499481	0.077311719
560.5663237	0.073862084
560.6827049	0.075551938
560.7990918	0.07445828
560.9154844	0.072429757
561.0318826	0.071647637
561.1482865	0.069194055
561.264696	0.071023048
561.3811112	0.072259467
561.4975322	0.072016709
561.6139588	0.067831655
561.7303911	0.066622549
561.8468291	0.06848447
561.9632728	0.068467923
562.0797222	0.06879669
562.1961773	0.06727553
562.3126381	0.066412486
562.4291047	0.067786565
562.545577	0.064454022
562.662055	0.065089477
562.7785387	0.066639544
562.8950282	0.062960209
563.0115234	0.065560971
563.1280244	0.064521673
563.2445311	0.059941065
563.3610435	0.061569084
563.4775618	0.062864548
563.5940858	0.06216528
563.7106155	0.060168124
563.827151	0.063300888
563.9436923	0.057670382
564.0602394	0.060830941
564.1767923	0.060508719
564.293351	0.058559709
564.4099154	0.055882225
564.5264857	0.057906744
564.6430618	0.054406287
564.7596436	0.055181263
564.8762313	0.057102711
564.9928248	0.052796477
565.1094241	0.053980546
565.2260293	0.054641852
565.3426403	0.056194444
565.4592571	0.050979512
565.5758797	0.051426036
565.6925082	0.052569352
565.8091425	0.05349802
565.9257827	0.052115119
566.0424288	0.050915134
566.1590807	0.047629441
566.2757385	0.047792953
566.3924021	0.045358226
566.5090716	0.048644451
566.625747	0.045556959
566.7424283	0.046827917
566.8591155	0.046919691
566.9758086	0.046317015
567.0925075	0.044818815
567.2092124	0.045096529
567.3259231	0.04609637
567.4426398	0.041662128
567.5593624	0.04197978
567.6760909	0.041917579
567.7928253	0.039708565
567.9095657	0.040895775
568.026312	0.039225923
568.1430642	0.041491838
568.2598224	0.038970405
568.3765865	0.039533375
568.4933565	0.037806405
568.6101326	0.038369657
568.7269145	0.037408941
568.8437025	0.0379439
568.9604964	0.040304762
569.0772963	0.035417782
569.1941021	0.034995763
569.3109139	0.035417782
569.4277318	0.03757928
569.5445556	0.033828307
569.6613854	0.036926315
569.7782212	0.033941844
569.895063	0.032355476
570.0119108	0.034878504
570.1287646	0.033576262
570.2456244	0.032749734
570.3624903	0.032270298
570.4793622	0.033658001
570.5962401	0.031560548
570.713124	0.034651429
570.830014	0.031134691
570.94691	0.033317405
571.0638121	0.030737226
571.1807202	0.030535836
571.2976344	0.032497423
571.4145546	0.030649373
571.5314809	0.029828727
571.6484133	0.030933201
571.7653518	0.029459655
571.8822963	0.029854628
571.9992469	0.027671066
572.1162036	0.027300117
572.2331664	0.027756244
572.3501353	0.02988302
572.4671102	0.027756244
572.5840913	0.028151632
572.7010785	0.025598583
572.8180718	0.026959521
572.9350712	0.025882477
573.0520768	0.026164792
573.1690885	0.026308334
573.2861063	0.024376635
573.4031302	0.025229512
573.5201603	0.024688855
573.6371965	0.024604923
573.7542389	0.023070987
573.8712874	0.025712137
573.9883421	0.021736963
574.1054029	0.023327352
574.22247	0.023667051
574.3395431	0.021169691
574.4566225	0.023326438
574.573708	0.020090869
574.6907998	0.021680211
574.8078977	0.021936227
574.9250018	0.021907269
575.0421121	0.022873119
575.1592286	0.022134344
575.2763513	0.020942566
575.3934802	0.020885465
575.5106154	0.020204423
575.6277567	0.024206329
575.7449043	0.021567155
575.8620581	0.021736963
575.9792181	0.02224853
576.0963844	0.021027379
576.2135569	0.019835351
576.3307357	0.019806892
576.4479207	0.018359048
576.565112	0.020090736
576.6823095	0.017791245
576.7995133	0.019977198
576.9167234	0.017677691
577.0339397	0.020175881
577.1511623	0.01813194
577.2683912	0.019267614
577.3856264	0.018046762
577.5028679	0.020573245
577.6201156	0.018728137
577.7373697	0.019352759
577.8546301	0.017819637
577.9718968	0.018643175
578.0891697	0.016825977
578.2064491	0.017905214
578.3237347	0.017507351
578.4410266	0.017507833
578.5583249	0.019040423
578.6756295	0.020175881
578.7929405	0.016456905
578.9102578	0.016826641
579.0275814	0.016712423
579.1449114	0.016230594
579.2622478	0.017251834
579.3795905	0.016117057
579.4969396	0.016201388
579.6142951	0.018132272
579.7316569	0.015207727
579.8490251	0.0156913
579.9663997	0.016911155
580.0837807	0.015152021
580.201168	0.01696794
580.3185618	0.015464241
580.435962	0.014412798
580.5533686	0.017365919
580.6707815	0.016485298
580.7882009	0.018330955
580.9056268	0.016173011
581.023059	0.014101825
581.1404977	0.014639923
581.2579428	0.014669495
581.3753943	0.015207727
581.4928523	0.015435848
581.6103167	0.014753494
581.7277876	0.014470813
581.8452649	0.013106851
581.9627487	0.013051644
582.0802389	0.014980619
582.1977357	0.014414044
582.3152389	0.013106851
582.4327485	0.014215362
582.5502647	0.013220405
582.6677873	0.014186986
582.7853164	0.014923833
582.902852	0.01308002
583.0203941	0.014242459
583.1379428	0.013534154
583.2554979	0.013163637
583.3730595	0.012625887
583.4906277	0.012709387
583.6082023	0.012994876
583.7257835	0.011658941
583.8433713	0.01339224
583.9609655	0.013844995
584.0785663	0.012427205
584.1961737	0.011744119
584.3137875	0.012285291
584.431408	0.010352994
584.549035	0.012512366
584.6666685	0.011289869
584.7843087	0.012143378
584.9019553	0.012936512
585.0196086	0.010213307
585.1372685	0.010835636
585.2549349	0.012086609
585.3726079	0.011829297
585.4902875	0.00930504
585.6079737	0.010267816
585.7256665	0.012824569
585.8433659	0.011630565
585.9610719	0.01114995
586.0787845	0.010523334
586.1965038	0.011008036
586.3142296	0.009132209
586.4319621	0.009957856
586.5497013	0.009302548
586.667447	0.010780978
586.7851994	0.009359333
586.9029585	0.009730781
587.0207241	0.007996601
587.1384965	0.008822514
587.2562755	0.009160601
587.3740612	0.010752585
587.4918535	0.008905084
587.6096525	0.01202984
587.7274582	0.010977583
587.8452705	0.009957856
587.9630896	0.010494941
588.0809153	0.008737369
588.1987477	0.009302548
588.3165869	0.010241683
588.4344327	0.00833728
588.5522852	0.008737369
588.6701445	0.00967162
588.7880104	0.008794138
588.9058831	0.00833728
589.0237625	0.008680601
589.1416486	0.009018654
589.2595415	0.007829086
589.3774411	0.008166941
589.4953474	0.007999392
589.6132605	0.006633869
589.7311804	0.007545259
589.849107	0.008990262
589.9670403	0.008964428
590.0849804	0.009018654
590.2029273	0.009418561
590.320881	0.008848315
590.4388414	0.008056161
590.5568087	0.005810548
590.6747827	0.006693761
590.7927635	0.007599137
590.910751	0.007715565
591.0287454	0.008905084
591.1467466	0.008538687
591.2647546	0.006917762
591.3827694	0.00885089
591.5007911	0.009614851
591.6188195	0.008084537
591.7368548	0.007088102
591.8548969	0.007630404
591.9729459	0.007655922
592.0910017	0.008737369
592.2090643	0.007315227
592.3271338	0.00780071
592.4452101	0.009586458
592.5632933	0.007403345
592.6813833	0.007372012
592.7994802	0.005955784
592.917584	0.008138548
593.0356947	0.007431721
593.1538122	0.00583894
593.2719366	0.008396757
593.3900679	0.007684298
593.5082061	0.008027785
593.6263512	0.005895726
593.7445032	0.00717627
593.8626621	0.006747423
593.980828	0.006920819
594.0990007	0.00671903
594.2171803	0.007062749
594.3353669	0.007372012
594.4535604	0.005047517
594.5717608	0.00717328
594.6899682	0.009390185
594.8081825	0.008166941
594.9264038	0.006778906
595.044632	0.00762753
595.1628671	0.008680601
595.2811092	0.005980887
595.3993583	0.005700333
595.5176144	0.006974548
595.6358774	0.006495079
595.7541474	0.004646547
595.8724244	0.005700333
595.9907083	0.006037672
596.1089993	0.007999392
596.2272972	0.00629319
596.3456022	0.007971016
596.4639141	0.006804208
596.5822331	0.005558419
596.700559	0.008024994
596.818892	0.006268004
596.937232	0.006605476
597.0555791	0.006182859
597.1739331	0.007911423
597.2922942	0.006012553
597.4106624	0.006094458
597.5290375	0.005359737
597.6474197	0.005668601
597.765809	0.004792066
597.8842054	0.006066065
598.0026087	0.005615188
598.1210192	0.004902065
598.2394367	0.005728726
598.3578613	0.005413083
598.476293	0.006040945
598.5947318	0.006633869
598.7131776	0.005700333
598.8316305	0.006406744
598.9500906	0.004565008
599.0685577	0.007599137
599.187032	0.005984177
599.3055133	0.00600928
599.4240018	0.006807298
599.5424973	0.004561369
599.661	0.005331361
599.7795099	0.005271137
599.8980268	0.005331361
600.0165509	0.006577083
600.1350822	0.005785494
600.2536206	0.005640208
600.3721661	0.004792066
600.4907188	0.006548691
600.6092786	0.005671957
600.7278456	0.004703333
600.8464198	0.005785494
600.9650011	0.006491922
601.0835897	0.004394702
601.2021854	0.006520298
601.3207882	0.005388113
601.4393983	0.005413083
601.5580156	0.005586795
601.67664	0.004277476
601.7952717	0.005104286
601.9139106	0.003851619
602.0325567	0.006466686
602.15121	0.00467494
602.2698705	0.003798655
602.3885382	0.004760102
602.5072132	0.006722137
602.6258954	0.003482547
602.7445848	0.006977588
602.8632815	0.003794834
602.9819855	0.005671957
603.1006966	0.005583423
603.2194151	0.003997337
603.3381408	0.00555503
603.4568737	0.007147894
603.575614	0.005299529
603.6943615	0.005842246
603.8131163	0.004532977
603.9318783	0.005501651
604.0506477	0.004419423
604.1694243	0.005444882
604.2882082	0.005640208
604.4069995	0.004082482
604.525798	0.006179619
604.6446039	0.004848835
604.763417	0.003908404
604.8822375	0.002521399
605.0010653	0.005980887
605.1199004	0.004962372
605.2387429	0.002999905
605.3575927	0.00476369
605.4764498	0.003823226
605.5953143	0.004536615
605.7141861	0.003397369
605.8330653	0.004877211
605.9519518	0.005157566
606.0708457	0.003458042
606.189747	0.003283815
606.3086556	0.004054106
606.4275716	0.00484528
606.546495	0.004706921
606.6654257	0.004788494
606.7843639	0.006381541
606.9033094	0.004021958
607.0222624	0.005104286
607.1412227	0.005384691
607.2601905	0.00476369
607.3791656	0.003170244
607.4981482	0.004366309
607.6171382	0.004305869
607.7361356	0.005047517
607.8551405	0.003198637
607.9741528	0.002748458
608.0931725	0.003170244
608.2121996	0.005104286
608.3312342	0.003567709
608.4502763	0.004054106
608.5693258	0.002290154
608.6883828	0.003741886
608.8074472	0.002119815
608.9265191	0.003003909
609.0455985	0.004135512
609.1646853	0.003486435
609.2837797	0.00393678
609.4028815	0.005019141
609.5219908	0.00439103
609.6411076	0.004877211
609.7602319	0.002971512
609.8793637	0.002776851
609.998503	0.002659226
610.1176498	0.004650153
610.2368041	0.002261762
610.355966	0.005331361
610.4751354	0.003283815
610.5943123	0.003003909
610.7134967	0.00115453
610.8326887	0.003685117
610.9518882	0.001949459
611.0710953	0.003202591
611.1903099	0.001580387
611.3095321	0.003685117
611.4287619	0.002261762
611.5479992	0.002606544
611.6672441	0.004192298
611.7864965	0.004082482
611.9057565	0.003965173
612.0250242	0.00294714
612.1442994	0.002829566
612.2635822	0.003628348
612.3828725	0.003652887
612.5021705	0.003514811
612.6214761	0.002886351
612.7407893	0.004990748
612.8601102	0.00294312
612.9794386	0.004593384
613.0987746	0.002034637
613.2181183	0.00445147
613.3374697	0.001126154
613.4568286	0.00445147
613.5761952	0.002119815
613.6955694	0.004309557
613.8149513	0.001977852
613.9343409	0.004281164
614.0537381	7.85E-04
614.1731429	0.004082482
614.2925555	0.001977852
614.4119757	0.003968944
614.5314035	0.002318547
614.6508391	0.003145822
614.7702823	0.003028298
614.8897333	0.003372897
615.0091919	0.004050351
615.1286582	0.002861995
615.2481322	0.003368977
615.367614	0.002407862
615.4871034	0.002432101
615.6066006	0.002549776
615.7261055	8.71E-04
615.8456181	0.003968944
615.9651384	0.00322703
616.0846665	0.003145822
616.2042023	0.00206303
616.3237458	0.00220918
616.4432971	0.002659226
616.5628561	0.002493007
616.6824229	0.002971512
616.8019975	0.003543204
616.9215798	0.00305669
617.0411699	0.004508239
617.1607678	0.001949459
617.2803734	0.003685117
617.3999868	7.85E-04
617.5196081	0.002265948
617.6392371	0.003454155
617.7588739	0.00308907
617.8785185	0.001495226
617.9981709	0.003968944
618.1178311	0.003141852
618.2374991	0.003628348
618.3571749	0.001977852
618.4768586	0.002436238
618.5965501	0.001097762
618.7162494	0.004281164
618.8359565	0.002375316
618.9556715	0.003458042
619.0753944	8.99E-04
619.1951251	0.005444882
619.3148636	0.003851619
619.43461	0.003230984
619.5543643	0.002091422
619.6741264	0.003543204
619.7938964	0.001438441
619.9136743	0.003514811
620.03346	0.002971512
620.1532536	0.001698278
620.2730552	0.002659226
620.3928646	0.002663313
620.5126819	0.001551995
620.6325071	0.001982105
620.7523402	0.001296494
620.8721812	0.002351093
620.9920302	0.002375316
621.111887	0.001783422
621.2317518	0.002148191
621.3516246	0.002379469
621.4715052	0.002716011
621.5913938	0.003316129
621.7112903	0.001665565
621.8311948	0.001187376
621.9511072	0.002488887
622.0710276	0.003543204
622.1909559	0.001438441
622.3108922	0.002833619
622.4308365	0.003283815
622.5507887	0.004366309
622.6707489	0.002148191
622.7907171	0.003230984
622.9106933	0.00294312
623.0306775	0.002095642
623.1506697	0.001324886
623.2706698	0.001641509
623.390678	0.001580387
623.5106942	0.003514811
623.6307184	0.002602441
623.7507506	0.001386058
623.8707908	0.003141852
623.9908391	0.002606544
624.1108953	0.002630833
624.2309597	0.001726654
624.351032	1.61E-04
624.4711124	0.001073838
624.5912009	0.001324886
624.7112974	0.002379469
624.8314019	0.001835905
624.9515145	0.00158474
625.0716352	0.001296494
625.191764	0.003060678
625.3119008	4.45E-04
625.4320457	0.002152411
625.5521987	0.001324886
625.6723598	0.002776851
625.7925289	0.001864298
625.9127062	0.002890371
626.0328916	0.002545655
626.153085	0.002606544
626.2732866	0.00189269
626.3934963	0.003514811
626.5137141	9.56E-04
626.63394	0.003060678
626.7541741	0.001182923
626.8744163	0.003174215
626.9946666	0.001523619
627.1149251	0.002038873
627.2351917	0.003823226
627.3554665	0.003316129
627.4757494	0.001722351
627.5960405	9.04E-04
627.7163397	0.001211316
627.8366471	9.32E-04
627.9569627	1.61E-04
628.0772864	0.002265948
628.1976184	9.27E-04
628.3179585	9.32E-04
628.4383068	0.001637173
628.5586633	0.001244144
628.679028	0.001864298
628.7994009	0.00294714
628.919782	0.00115453
629.0401713	9.32E-04
629.1605689	0.001665565
629.2809746	0.002095642
629.4013886	8.42E-04
629.5218108	0.003514811
629.6422413	7.29E-04
629.76268	7.90E-04
629.8831269	0.001268101
630.003582	7.90E-04
630.1240455	0.001324886
630.2445172	0.001527971
630.3649971	0.001921083
630.4854853	0.001244144
630.6059818	0.002204976
630.7264865	5.06E-04
630.8469995	0.001069369
630.9675208	0.002379469
631.0880504	9.27E-04
631.2085883	0.001925336
631.3291345	0.001693958
631.449689	0.001130607
631.5702518	0.00206303
631.6908228	0.001357682
631.8114022	0.002517279
631.93199	0.002493007
632.052586	1.61E-04
632.1731904	0.002805227
632.2938031	5.30E-04
632.4144241	0.003344521
632.5350535	0.002914744
632.6556912	0.002265948
632.7763373	3.88E-04
632.8969917	0.003685117
633.0176545	0.001637173
633.1383256	0.001300913
633.2590051	0.002375316
633.379693	2.22E-04
633.5003893	7.85E-04
633.6210939	0.002776851
633.7418069	0.003085083
633.8625283	0.001925336
633.9832581	0.001807512
634.1039963	0.003174215
634.2247429	0.002545655
634.3454979	5.63E-04
634.4662613	0.001864298
634.5870332	0.00189696
634.7078134	0.001126154
634.8286021	0.00158474
634.9493992	0.001637173
635.0702047	0.002265948
635.1910187	0.002204976
635.3118411	0.001811815
635.432672	0.002574048
635.5535113	0.002521399
635.674359	6.72E-04
635.7952153	8.47E-04
635.91608	5.58E-04
636.0369531	7.90E-04
636.1578347	0
636.2787248	0.001811815
636.3996234	0.001040976
636.5205305	0.001811815
636.6414461	0
636.7623701	0.002038873
636.8833027	0.002233369
637.0042437	0.002265948
637.1251933	0.001722351
637.2461514	0.002436238
637.367118	2.74E-04
637.4880931	0.002038873
637.6090767	5.02E-04
637.7300689	0.001187376
637.8510696	0.002517279
637.9720789	0.001471203
638.0930967	0.001466833
638.214123	0.002294324
638.3351579	0
638.4562013	0.002890371
638.5772533	0.001580387
638.6983139	0.00189696
638.8193831	0.001807512
638.9404608	1.94E-04
639.0615471	0.001069369
639.1826419	0.001698278
639.3037454	0.001239708
639.4248575	0.001726654
639.5459781	0
639.6671074	0.002237556
639.7882453	6.44E-04
639.9093917	0.00294714
640.0305468	9.56E-04
640.1517105	2.79E-04
640.2728828	0
640.3940638	0.001982105
640.5152534	0.00351094
640.6364516	0.001811815
640.7576585	0.001182923
640.878874	0.002294324
641.0000981	0.001353263
641.1213309	0.00158474
641.2425724	0.001835905
641.3638226	0.00127252
641.4850814	0.001835905
641.6063488	9.60E-04
641.727625	4.73E-04
641.8489098	0.002720082
641.9702033	0.001750727
642.0915055	0.002663313
642.2128164	0.002574048
642.334136	0.002152411
642.4554643	0.001779119
642.5768013	0.001017069
642.698147	2.74E-04
642.8195015	0.001357682
642.9408646	0.001410048
643.0622365	0.001414434
643.1836171	0.001523619
643.3050065	8.18E-04
643.4264045	0.001353263
643.5478114	0.001329289
643.6692269	2.18E-04
643.7906513	0
643.9120843	0
644.0335262	0.001840191
644.1549768	1.04E-04
644.2764361	9.60E-04
644.3979043	0.002602441
644.5193812	0.001357682
644.6408669	0.001097762
644.7623614	0.003174215
644.8838647	9.27E-04
645.0053768	8.47E-04
645.1268976	0.001864298
645.2484273	0.001641509
645.3699658	5.58E-04
645.4915131	7.33E-04
645.6130692	0.002148191
645.7346342	0.003060678
645.856208	0.001921083
645.9777906	4.49E-04
646.099382	0.001182923
646.2209823	5.91E-04
646.3425914	8.71E-04
646.4642094	0.002493007
646.5858362	0.001637173
646.7074719	6.48E-04
646.8291164	0.002488887
646.9507698	0.001556364
647.0724321	7.85E-04
647.1941033	9.89E-04
647.3157833	0.001807512
647.4374722	0.003458042
647.55917	0.002204976
647.6808767	0.002379469
647.8025923	5.58E-04
647.9243168	0.001158983
648.0460502	0.001750727
648.1677926	0.001527971
648.2895438	0.002034637
648.411304	0.002861995
648.533073	0.001551995
648.654851	0.002549776
648.776638	0.001466833
648.8984339	0.002776851
649.0202387	4.73E-04
649.1420524	7.33E-04
649.2638752	9.27E-04
649.3857068	2.22E-04
649.5075475	5.02E-04
649.629397	7.33E-04
649.7512556	1.32E-04
649.8731231	0.002095642
649.9949997	0.002971512
650.1168851	0.001982105
650.2387796	0.001296494
650.3606831	0.002067266
650.4825956	0.001239708
650.604517	0.00158474
650.7264475	0.001040976
650.848387	9.32E-04
650.9703354	0.001324886
651.092293	0.001244144
651.2142595	0.001069369
651.336235	8.75E-04
651.4582196	0.001324886
651.5802132	0.001783422
651.7022159	0.002204976
651.8242276	0.001527971
651.9462483	0.001012584
652.0682781	6.20E-04
652.190317	5.87E-04
652.3123649	0.001130607
652.4344219	0.00305669
652.5564879	0.00127252
652.6785631	0.00115453
652.8006473	0.002010497
652.9227406	7.29E-04
653.0448429	0.001130607
653.1669544	7.85E-04
653.289075	0.001953729
653.4112046	0.001921083
653.5333434	0.001130607
653.6554913	6.15E-04
653.7776483	0.00127252
653.8998144	0.001012584
654.0219897	9.89E-04
654.144174	2.18E-04
654.2663675	0.001982105
654.3885702	0
654.5107819	8.18E-04
654.6330029	5.02E-04
654.7552329	7.05E-04
654.8774722	0.001126154
654.9997205	8.47E-04
655.1219781	0
655.2442448	7.90E-04
655.3665207	0.001580387
655.4888058	7.62E-04
655.6111	5.02E-04
655.7334034	9.04E-04
655.855716	0.002034637
655.9780378	0.00158474
656.1003689	0.002630833
656.2227091	0.001386058
656.3450585	0.001239708
656.4674171	0.001556364
656.589785	0.001864298
656.7121621	0.001755046
656.8345483	0.002034637
656.9569439	6.48E-04
657.0793486	0.001949459
657.2017626	0.002918764
657.3241859	0.001069369
657.4466184	2.22E-04
657.5690601	0.001012584
657.6915111	3.64E-04
657.8139713	2.46E-04
657.9364409	3.36E-04
658.0589196	0.001466833
658.1814077	4.49E-04
658.303905	0.002034637
658.4264117	0.002379469
658.5489276	7.29E-04
658.6714528	0.001811815
658.7939873	3.60E-04
658.9165311	0.00158474
659.0390842	0.002034637
659.1616466	5.91E-04
659.2842183	0
659.4067994	5.91E-04
659.5293897	8.99E-04
659.6519894	0
659.7745984	0.001807512
659.8972168	9.32E-04
660.0198445	0.001864298
660.1424815	3.64E-04
660.2651279	0.001665565
660.3877837	0.001017069
660.5104488	0.001040976
660.6331232	0.002265948
660.7558071	0
660.8785003	0.001017069
661.0012028	0.001211316
661.1239148	0.001130607
661.2466361	9.84E-04
661.3693669	0.002805227
661.492107	5.02E-04
661.6148565	0.002720082
661.7376155	1.32E-04
661.8603838	9.60E-04
661.9831615	0.001410048
662.1059487	0.003486435
662.2287453	0.001239708
662.3515513	0.002748458
662.4743667	0.003539316
662.5971916	0.002180787
662.7200259	9.56E-04
662.8428696	0.001471203
662.9657228	0.001693958
663.0885854	0.002720082
663.2114575	7.00E-04
663.3343391	0.001556364
663.4572301	0
663.5801306	3.36E-04
663.7030405	0.002148191
663.82596	8.75E-04
663.9488889	0.001296494
664.0718273	0.002663313
664.1947752	0.001069369
664.3177326	3.93E-04
664.4406995	0.001182923
664.5636759	3.36E-04
664.6866618	0.001779119
664.8096572	0.00158474
664.9326621	0.001637173
665.0556766	0.002351093
665.1787005	6.44E-04
665.301734	8.18E-04
665.4247771	8.42E-04
665.5478297	9.89E-04
665.6708918	0.001807512
665.7939635	0.001215752
665.9170447	0.002375316
666.0401355	7.05E-04
666.1632358	0.001693958
666.2863457	2.22E-04
666.4094652	5.58E-04
666.5325943	0.002322717
666.6557329	7.29E-04
666.7788811	0.001158983
666.9020389	7.29E-04
667.0252063	0.001669885
667.1483833	0.003028298
667.2715699	0.003401273
667.3947661	0.001410048
667.517972	0.002521399
667.6411874	0.001580387
667.7644124	0.002010497
667.8876471	9.84E-04
668.0108914	0.001755046
668.1341453	0.002204976
668.2574089	0.001925336
668.3806821	0.001665565
668.503965	3.36E-04
668.6272575	0.001551995
668.7505596	0.001499595
668.8738714	6.15E-04
668.9971929	0.002152411
669.1205241	3.31E-04
669.2438649	0.00127252
669.3672154	0.002034637
669.4905756	0.001925336
669.6139454	8.42E-04
669.737325	0.001329289
669.8607142	0.001977852
669.9841132	6.76E-04
670.1075218	0.001040976
670.2309402	0.002606544
670.3543682	0.00189269
670.477806	0.002379469
670.6012535	0.001353263
670.7247107	0.001045462
670.8481777	0.001750727
670.9716544	0.002833619
671.0951408	0.001239708
671.218637	0.002322717
671.3421429	0.001268101
671.4656586	3.64E-04
671.589184	8.42E-04
671.7127192	0.001471203
671.8362642	0.002290154
671.9598189	0.002464631
672.0833834	1.32E-04
672.2069577	0.003174215
672.3305417	0.001126154
672.4541356	0.002691689
672.5777392	2.74E-04
672.7013527	0.002918764
672.8249759	5.02E-04
672.9486089	0.001982105
673.0722518	2.18E-04
673.1959044	0.002776851
673.3195669	0.001239708
673.4432392	0.001669885
673.5669213	0.001097762
673.6906133	7.90E-04
673.8143151	2.74E-04
673.9380267	0.002095642
674.0617482	0.001296494
674.1854796	0.001017069
674.3092207	9.84E-04
674.4329718	0.002180787
674.5567327	0.002034637
674.6805035	3.07E-04
674.8042841	6.72E-04
674.9280746	0.002265948
675.051875	0.001211316
675.1756853	0.002038873
675.2995055	7.85E-04
675.4233355	7.90E-04
675.5471755	0.001296494
675.6710254	0.00189696
675.7948851	0.00115453
675.9187548	0.003287753
676.0426344	0.001410048
676.1665239	0.001045462
676.2904234	0.001296494
676.4143328	0.001215752
676.5382521	0.001324886
676.6621813	0.001726654
676.7861205	5.30E-04
676.9100696	0.001811815
677.0340287	0.002006244
677.1579977	0.001868567
677.2819767	0.001040976
677.4059657	0.003685117
677.5299646	0.002176584
677.6539735	0.001641509
677.7779924	0
677.9020213	0.002038873
678.0260601	0.002034637
678.150109	3.64E-04
678.2741678	8.14E-04
678.3982366	0.001755046
678.5223155	0.001381655
678.6464043	0.002890371
678.7705032	1.32E-04
678.894612	0.001982105
679.0187309	0
679.1428599	0.002606544
679.2669988	0
679.3911478	7.05E-04
679.5153068	2.74E-04
679.6394759	0.002407862
679.763655	0.00115453
679.8878442	0.001329289
680.0120434	8.42E-04
680.1362527	0.001726654
680.2604721	0
680.3847015	0.001527971
680.508941	3.31E-04
680.6331906	0.001073838
680.7574503	0.001012584
680.88172	0.003003909
681.0059999	0.001523619
681.1302898	0.00325936
681.2545899	0.001296494
681.3789	0.001953729
681.5032203	0.001410048
681.6275507	0.001017069
681.7518912	0.001523619
681.8762418	0.001442827
682.0006025	0.002148191
682.1249734	0.003003909
682.2493544	2.18E-04
682.3737456	8.75E-04
682.4981469	3.88E-04
682.6225583	5.06E-04
682.74698	7.00E-04
682.8714117	0.001130607
682.9958537	1.32E-04
683.1203058	0.001982105
683.244768	0.001012584
683.3692405	0.001925336
683.4937231	1.89E-04
683.6182159	0
683.7427189	7.29E-04
683.8672321	6.20E-04
683.9917555	0.002290154
684.1162891	0.001158983
684.2408329	0.001864298
684.3653869	7.33E-04
684.4899512	0.003454155
684.6145256	0.001471203
684.7391103	0.001268101
684.8637052	0.001215752
684.9883104	8.42E-04
685.1129258	0.004905604
685.2375514	0.001495226
685.3621873	0.002606544
685.4868334	5.02E-04
685.6114898	3.93E-04
685.7361564	0.001410048
685.8608333	6.48E-04
685.9855205	0.00189269
686.110218	0.00220918
686.2349257	0.002545655
686.3596437	0
686.484372	0.001239708
686.6091106	0.001386058
686.7338595	8.71E-04
686.8586187	0
686.9833882	0.002233369
687.108168	5.91E-04
687.2329581	5.58E-04
687.3577585	0.001868567
687.4825693	4.16E-04
687.6073904	0
687.7322218	0
687.8570636	0.001130607
687.9819157	0.002318547
688.1067781	0.001414434
688.2316509	0.001097762
688.356534	0.003486435
688.4814275	0.002204976
688.6063314	0.001244144
688.7312456	0
688.8561702	7.33E-04
688.9811052	2.74E-04
689.1060506	0.001811815
689.2310063	4.16E-04
689.3559724	0.002067266
689.480949	0.001324886
689.6059359	0.002606544
689.7309332	0.002176584
689.8559409	0.001471203
689.9809591	2.74E-04
690.1059876	6.76E-04
690.2310266	0.00160878
690.356076	5.63E-04
690.4811359	0.001182923
690.6062061	9.04E-04
690.7312868	0.00294312
690.856378	0.002379469
690.9814796	0.002176584
691.1065916	0.002265948
691.2317141	8.42E-04
691.3568471	1.94E-04
691.4819905	6.72E-04
691.6071444	5.06E-04
691.7323087	9.56E-04
691.8574836	0.002152411
691.9826689	8.14E-04
692.1078647	0.001811815
692.233071	0
692.3582878	3.64E-04
692.4835151	0
692.6087529	0.001414434
692.7340012	0.001069369
692.8592601	0.002265948
692.9845294	0.002204976
693.1098093	0.001925336
693.2350997	0.001410048
693.3604006	0.001102231
693.485712	0.002318547
693.611034	0.001669885
693.7363666	0.002375316
693.8617096	0.001329289
693.9870633	0.001665565
694.1124275	0.001527971
694.2378022	7.57E-05
694.3631876	0.001357682
694.4885835	0.001523619
694.6139899	0.002038873
694.739407	0.002517279
694.8648346	0.002322717
694.9902728	0.001523619
695.1157217	0.002805227
695.2411811	9.27E-04
695.3666511	0.002038873
695.4921317	9.84E-04
695.6176229	0.00158474
695.7431248	0.002318547
695.8686372	0.002038873
695.9941603	0.001438441
696.119694	0.001811815
696.2452384	0.00189269
696.3707934	3.93E-04
696.496359	0.001693958
696.6219353	0.003685117
696.7475222	0.00294312
696.8731198	0.003145822
696.998728	0.001523619
697.1243469	0.00263492
697.2499765	0.001126154
697.3756167	0.003060678
697.5012676	0.003340584
697.6269292	0.00294714
697.7526015	7.00E-04
697.8782845	0.003968944
698.0039782	0.002091422
698.1296825	0.003344521
698.2553976	0.001495226
698.3811234	0.001357682
698.5068599	0.001239708
698.6326071	8.47E-04
698.758365	0.001126154
698.8841337	0.00308907
699.0099131	5.30E-04
699.1357032	0.003429666
699.261504	0.001381655
699.3873156	0.002436238
699.513138	0.001324886
699.6389711	0.002720082
699.7648149	0.002403709
699.8906696	0.003855407
700.0165349	4.16E-04
700.1424111	0.003287753
700.268298	4.16E-04
700.3941957	0.002436238
700.5201042	0.002375316
700.6460235	0.002720082
700.7719536	9.56E-04
700.8978944	0.001613133
701.0238461	7.00E-04
701.1498086	0
701.2757818	0.002006244
701.4017659	0.001357682
701.5277608	5.30E-04
701.6537666	0.002379469
701.7797831	0.002318547
701.9058105	0.001130607
702.0318488	0.001750727
702.1578978	0.001556364
702.2839577	0.001864298
702.4100285	2.22E-04
702.5361101	3.60E-04
702.6622026	0
702.788306	1.04E-04
702.9144202	3.36E-04
703.0405452	6.72E-04
703.1666812	0.001187376
703.292828	6.44E-04
703.4189857	0.001187376
703.5451544	0.001268101
703.6713339	9.32E-04
703.7975243	0.001211316
703.9237256	0.002124018
704.0499378	2.18E-04
704.1761609	2.51E-04
704.3023949	0.00294312
704.4286399	0.002436238
704.5548958	0.002119815
704.6811626	0.00158474
704.8074403	5.02E-04
704.933729	0.001669885
705.0600286	3.88E-04
705.1863392	2.51E-04
705.3126607	0.00115453
705.4389932	0.001244144
705.5653367	7.85E-04
705.6916911	0.001471203
705.8180564	8.71E-04
705.9444328	0
706.0708201	7.29E-04
706.1972184	0.002351093
706.3236277	0.002091422
706.450048	0.00189696
706.5764793	0.001239708
706.7029216	0.001925336
706.8293748	8.42E-04
706.9558391	0.001840191
707.0823144	2.46E-04
707.2088008	9.04E-04
707.3352981	0.00277278
707.4618065	6.48E-04
707.5883259	1.89E-04
707.7148563	0.001158983
707.8413978	7.85E-04
707.9679503	8.18E-04
708.0945139	6.15E-04
708.2210885	0.001556364
708.3476742	0.001126154
708.4742709	0.001499595
708.6008788	0.002091422
708.7274976	0.002833619
708.8541276	5.02E-04
708.9807686	0.001755046
709.1074207	7.57E-04
709.234084	0.002549776
709.3607583	4.73E-05
709.4874436	0.002975533
709.6141401	0
709.7408478	1.94E-04
709.8675665	0.001012584
709.9942963	7.05E-04
710.1210373	0.002602441
710.2477893	6.76E-04
710.3745525	0.002687619
710.5013269	0.001102231
710.6281123	7.29E-04
710.754909	0.002152411
710.8817167	0.001779119
711.0085356	0
711.1353657	2.18E-04
711.2622069	0.001755046
711.3890593	0.001324886
711.5159229	0.001357682
711.6427976	0.001239708
711.7696835	0.001925336
711.8965806	0.001182923
712.0234889	0.00189696
712.1504083	5.30E-04
712.277339	0.001953729
712.4042808	0.001239708
712.5312339	0.002038873
712.6581982	0.001296494
712.7851736	0.00127252
712.9121603	0.001069369
713.0391583	0.001244144
713.1661674	0.002034637
713.2931878	0
713.4202194	0.001466833
713.5472622	9.32E-04
713.6743163	6.15E-04
713.8013817	5.35E-04
713.9284583	0.001324886
714.0555461	0.001215752
714.1826452	0
714.3097556	1.66E-04
714.4368772	0.001381655
714.5640102	0
714.6911544	0.001097762
714.8183098	0.002464631
714.9454766	5.58E-04
715.0726547	0.001187376
715.199844	0.001296494
715.3270447	0.002038873
715.4542567	0.002091422
715.5814799	0.001130607
715.7087145	0.001012584
715.8359604	7.05E-04
715.9632177	9.27E-04
716.0904862	0.001329289
716.2177661	0.001665565
716.3450573	0.001357682
716.4723599	0.001466833
716.5996738	3.64E-04
716.7269991	8.71E-04
716.8543357	0.001329289
716.9816837	0
717.109043	0.00158474
717.2364137	0
717.3637958	0.002833619
717.4911892	7.00E-04
717.618594	3.36E-04
717.7460103	0.001637173
717.8734379	9.89E-04
718.0008769	0.001069369
718.1283273	0.001300913
718.2557891	0
718.3832623	0.001726654
718.5107469	0
718.6382429	0.002833619
718.7657504	0
718.8932693	0.001386058
719.0207996	9.56E-04
719.1483413	0.001641509
719.2758945	0.001693958
719.4034591	2.79E-04
719.5310352	0.001693958
719.6586227	4.49E-04
719.7862217	8.71E-04
719.9138321	0.00189696
720.0414541	2.74E-04
720.1690874	0
720.2967323	5.02E-04
720.4243886	0.001783422
720.5520564	0.001466833
720.6797357	4.49E-04
720.8074265	5.02E-04
720.9351288	0.001442827
721.0628425	9.84E-04
721.1905678	0.002578168
721.3183046	0.001296494
721.4460529	0.001073838
721.5738128	3.31E-04
721.7015841	3.64E-04
721.829367	0.001097762
721.9571614	0.002038873
722.0849673	0.001864298
722.2127848	0.001187376
722.3406138	0.002687619
722.4684544	0.002152411
722.5963065	7.57E-05
722.7241702	0.001017069
722.8520455	0.001864298
722.9799323	1.09E-04
723.1078307	0
723.2357406	3.64E-04
723.3636622	9.27E-04
723.4915953	1.37E-04
723.61954	0.002659226
723.7474963	1.37E-04
723.8754642	3.31E-04
724.0034437	0.001130607
724.1314348	9.56E-04
724.2594375	0.001244144
724.3874519	9.56E-04
724.5154778	6.48E-04
724.6435154	4.16E-04
724.7715646	0.001130607
724.8996255	0.001835905
725.0276979	0.002180787
725.1557821	0.001693958
725.2838778	0.001357682
725.4119852	2.74E-04
725.5401043	0.001499595
725.668235	0.002233369
725.7963774	0.002095642
725.9245315	0
726.0526972	0.001017069
726.1808747	0.001977852
726.3090637	3.64E-04
726.4372645	0.001410048
726.565477	0.002861995
726.6937012	5.87E-04
726.821937	9.04E-04
726.9501846	2.74E-04
727.0784439	0.001357682
727.2067149	0.002488887
727.3349976	5.91E-04
727.463292	0.001268101
727.5915982	6.20E-04
727.719916	0.001977852
727.8482457	0.001613133
727.976587	0.00115453
728.1049401	4.49E-04
728.233305	0.002659226
728.3616816	7.90E-04
728.4900699	0
728.6184701	8.47E-04
728.7468819	6.44E-04
728.8753056	0.00127252
729.003741	0.001381655
729.1321882	0.001102231
729.2606472	0.001921083
729.389118	1.09E-04
729.5176006	0.001722351
729.646095	0.00127252
729.7746011	0
729.9031191	0.002322717
730.0316489	0.002574048
730.1601905	0.002010497
730.2887439	0.002006244
730.4173091	0.001244144
730.5458862	9.84E-04
730.6744751	0.002549776
730.8030759	0
730.9316884	0.001471203
731.0603129	0.003141852
731.1889491	5.35E-04
731.3175973	0.002034637
731.4462573	0.001698278
731.5749291	3.88E-04
731.7036128	0.002010497
731.8323084	0.001864298
731.9610159	0.001755046
732.0897352	0
732.2184665	0.001414434
732.3472096	0.001069369
732.4759646	6.48E-04
732.6047315	0.001182923
732.7335103	0.001158983
732.8623011	0.001410048
732.9911037	0.002322717
733.1199182	0
733.2487447	0.001357682
733.3775831	8.14E-04
733.5064334	0.001613133
733.6352957	0.001296494
733.7641699	0.001130607
733.893056	2.46E-04
734.0219541	0.002010497
734.1508642	0.001211316
734.2797862	8.18E-04
734.4087201	6.72E-04
734.537666	0
734.6666239	0.002602441
734.7955938	0.002663313
734.9245756	7.85E-04
735.0535695	0.001982105
735.1825753	0.001438441
735.3115931	0.002038873
735.4406229	7.29E-04
735.5696647	0.002294324
735.6987185	0.001693958
735.8277843	0.002322717
735.9568621	4.16E-04
736.085952	0.001698278
736.2150538	0.00189269
736.3441677	0
736.4732937	7.85E-04
736.6024316	0.00158474
736.7315816	0.002432101
736.8607437	0.002237556
736.9899178	4.73E-05
737.1191039	0.00158474
737.2483021	0.001835905
737.3775124	5.06E-04
737.5067347	0.001296494
737.6359691	9.04E-04
737.7652156	5.02E-04
737.8944742	0.002010497
738.0237448	0
738.1530276	0.002464631
738.2823224	0
738.4116293	0.001982105
738.5409483	0.00277278
738.6702795	6.76E-04
738.7996227	0.002148191
738.9289781	0
739.0583456	0.001012584
739.1877252	0.002038873
739.3171169	1.61E-04
739.4465208	7.90E-04
739.5759368	5.58E-04
739.7053649	0.001811815
739.8348052	0
739.9642576	0.001357682
740.0937222	3.03E-04
740.223199	0.001925336
740.3526879	0.001722351
740.482189	0.001925336
740.6117023	9.27E-04
740.7412277	3.07E-04
740.8707653	0.001211316
741.0003151	0.001414434
741.1298771	0.001580387
741.2594513	0.001017069
741.3890377	0.001438441
741.5186363	0.001130607
741.6482471	0.002119815
741.7778702	0.002379469
741.9075054	7.85E-04
742.0371528	0
742.1668125	0
742.2964844	1.37E-04
742.4261686	0.001977852
742.555865	0.00127252
742.6855736	0.002375316
742.8152945	0
742.9450276	0.001239708
743.074773	0.002379469
743.2045306	4.16E-04
743.3343006	0.001073838
743.4640828	9.84E-04
743.5938772	0.002407862
743.723684	8.99E-04
743.853503	7.33E-04
743.9833343	0.001069369
744.1131779	0.003798655
744.2430338	6.15E-04
744.372902	0
744.5027825	9.27E-04
744.6326753	0.003003909
744.7625804	0.002517279
744.8924979	0
745.0224277	0.002233369
745.1523698	1.37E-04
745.2823242	8.42E-04
745.412291	0.001669885
745.5422701	8.14E-04
745.6722615	0.002322717
745.8022654	0.00115453
745.9322815	0.001726654
746.06231	0.002034637
746.1923509	0.001811815
746.3224042	0
746.4524698	0
746.5825478	0
746.7126382	0
746.8427409	0
746.9728561	0