WAVELENGTH	NORM_INTENSITY
194.11	0.000772184
194.31	-0.000583847
194.52	0.000417031
194.72	-0.000745275
194.92	-0.000131832
195.12	2.9596E-05
195.33	0.000675322
195.53	-0.001552416
195.73	-0.001164993
195.93	-6.72635E-05
196.13	-0.001229559
196.34	-0.002747005
196.54	0.000481598
196.74	-0.00061613
196.94	-0.001229559
197.15	-0.002747005
197.35	-0.000906703
197.55	-0.001681521
197.75	-0.000842137
197.96	-0.000712992
198.16	-0.001649278
198.36	-0.001487797
198.56	9.41686E-05
198.76	-0.000228694
198.97	0.000804467
199.17	-0.001487797
199.37	0.00193449
199.57	-0.000680696
199.78	-2.69051E-06
199.98	-0.000390122
200.18	-0.002424175
200.39	0.000965895
200.59	-0.003005348
200.79	-0.002230451
200.99	-0.000971282
201.2	0.000998178
201.4	-0.00087442
201.6	-0.000196411
201.8	0.001514798
202.01	-0.002327313
202.21	-0.000583847
202.41	-0.000583847
202.62	-0.002359556
202.82	-0.000260977
203.02	0.001191902
203.22	0.000739888
203.43	0.000481598
203.63	0.003742496
203.83	-0.001520172
204.04	-0.00087442
204.24	0.000901316
204.44	-0.000712992
204.64	-0.000745275
204.85	-0.001003565
205.05	0.00109504
205.25	-0.001229559
205.46	0.000126454
205.66	-0.003457284
205.86	-0.000906703
206.07	-0.000519268
206.27	-0.001358691
206.47	-0.001261855
206.68	-0.001358691
206.88	-0.001261855
207.08	-9.95491E-05
207.29	-0.001390935
207.49	-0.000260977
207.69	-0.001681521
207.89	0.001030461
208.1	-0.001907621
208.3	-0.001100414
208.5	-0.002650143
208.71	0.001869872
208.91	-0.002004483
209.12	-0.001584659
209.32	0.000675322
209.52	-0.000454702
209.73	-0.003586521
209.93	-9.95491E-05
210.13	0.000223307
210.34	-0.001681521
210.54	-0.003199072
210.74	0.001999109
210.95	-0.001810758
211.15	0.000126454
211.35	-0.000777558
211.56	-0.000809841
211.76	-0.002295069
211.96	0.000707605
212.17	-0.001649278
212.37	0.000739888
212.58	-0.000196411
212.78	0.00057846
212.98	-6.72635E-05
213.19	-0.000325556
213.39	-0.001875246
213.59	-0.000842137
213.8	-0.003166697
214	-0.000842137
214.21	-0.002585524
214.41	0.003387422
214.61	-0.002940729
214.82	0.000384748
215.02	-0.003489658
215.23	-0.001164993
215.43	0.000933612
215.63	-0.001907621
215.84	0.001547042
216.04	-0.000583847
216.25	-0.001197276
216.45	-0.000228694
216.65	0.000126454
216.86	-0.000454702
217.06	0.00177301
217.27	-0.001164993
217.47	-0.001649278
217.67	0.001385561
217.88	-0.002585524
218.08	0.001676148
218.29	-0.001197276
218.49	6.18817E-05
218.7	-0.002521037
218.9	-0.000486985
219.1	-0.00087442
219.31	-0.001778384
219.51	0.000384748
219.72	0.000707605
219.92	-0.00113271
220.13	0.000965895
220.33	-0.002359556
220.53	-0.001035848
220.74	-0.000390122
220.94	-3.49765E-05
221.15	-0.002650143
221.35	2.9596E-05
221.56	-0.003780114
221.76	0.000352452
221.97	-0.00061613
222.17	-0.00061613
222.38	-0.001520172
222.58	-0.001261855
222.78	-0.000777558
222.99	-0.001875246
223.19	-0.001100414
223.4	-2.69051E-06
223.6	-0.003586521
223.81	0.001966734
224.01	-0.00206897
224.22	-0.000486985
224.42	-0.001164993
224.63	-0.000809841
224.83	-0.003037591
225.04	0.000287886
225.24	-0.002327313
225.45	0.00109504
225.65	-0.002230451
225.86	-0.000131832
226.06	0.000384748
226.27	0.001643904
226.47	-0.001810758
226.68	-0.000422405
226.88	-0.00174614
227.09	0.000933612
227.29	-0.001164993
227.5	0.001062757
227.7	0.000901316
227.91	0.000287886
228.11	-0.000906703
228.32	0.000255603
228.52	-0.00061613
228.73	-0.001487797
228.93	-0.002327313
229.14	-0.003457284
229.34	-0.001100414
229.55	-0.000551551
229.75	-0.000842137
229.96	-0.00206897
230.16	0.001902247
230.37	-0.000712992
230.57	-0.002617899
230.78	0.001159606
230.98	0.00145018
231.19	-0.000228694
231.39	-0.001164993
231.6	9.41686E-05
231.81	-0.001229559
232.01	-0.000583847
232.22	2.9596E-05
232.42	0.000320169
232.63	0.000287886
232.83	-0.000325556
233.04	-0.004329043
233.24	-0.000906703
233.45	0.000126454
233.65	-0.001972108
233.86	-0.00113271
234.07	-0.002747005
234.27	-0.002230451
234.48	0.002709387
234.68	-3.49765E-05
234.89	-0.00061613
235.09	0.000191024
235.3	-0.001197276
235.51	0.00109504
235.71	-0.000583847
235.92	6.18817E-05
236.12	-0.000390122
236.33	-0.002198207
236.53	-0.000454702
236.74	-0.000648413
236.95	-0.001487797
237.15	-0.001649278
237.36	-0.002972973
237.56	-0.000745275
237.77	-0.001197276
237.98	-0.002521037
238.18	-0.000486985
238.39	-0.003489658
238.59	0.000933612
238.8	-0.003069835
239.01	-0.000809841
239.21	0.000643039
239.42	-0.001843002
239.62	-0.000777558
239.83	-0.001035848
240.04	-0.002101345
240.24	-0.002327313
240.45	-0.000164115
240.65	-0.001100414
240.86	-0.001487797
241.07	-0.001778384
241.27	0.001030461
241.48	-0.001261855
241.69	-0.002230451
241.89	0.001643904
242.1	-0.002327313
242.3	-0.000228694
242.51	-0.000131832
242.72	-0.000164115
242.92	-0.000971282
243.13	0.000481598
243.34	-0.004006213
243.54	-0.001164993
243.75	-0.001875246
243.96	0.000417031
244.16	-0.001390935
244.37	0.000707605
244.58	-0.002101345
244.78	-0.001164993
244.99	-0.003134454
245.19	-0.000583847
245.4	-0.000680696
245.61	-0.001584659
245.81	-0.001390935
246.02	-0.001617034
246.23	0.000772184
246.43	-0.000390122
246.64	-0.003069835
246.85	-9.95491E-05
247.05	-0.003683252
247.26	-0.002553281
247.47	-0.001649278
247.67	-0.000260977
247.88	-0.000357839
248.09	-2.69051E-06
248.3	-3.49765E-05
248.5	-0.00061613
248.71	-0.000583847
248.92	0.000546177
249.12	-0.000486985
249.33	9.41686E-05
249.54	-0.000745275
249.74	0.000287886
249.95	-0.000680696
250.16	-0.002101345
250.36	-0.003134454
250.57	-0.000648413
250.78	-0.002843867
250.99	-0.001681521
251.19	-0.000325556
251.4	-6.72635E-05
251.61	-0.000486985
251.81	0.001417936
252.02	-0.000164115
252.23	0.00193449
252.44	-0.001390935
252.64	-0.001035848
252.85	-0.002843867
253.06	-0.000842137
253.26	-3.49765E-05
253.47	0.001482423
253.68	-0.001681521
253.89	0.001321074
254.09	-0.002940729
254.3	-0.000777558
254.51	0.000933612
254.72	0.000965895
254.92	-0.002004483
255.13	-0.000745275
255.34	-0.000260977
255.54	-0.001197276
255.75	0.00083675
255.96	0.000158741
256.17	-0.001681521
256.37	-0.000422405
256.58	-0.000551551
256.79	0.000255603
257	0.000352452
257.2	0.001062757
257.41	-0.000809841
257.62	-0.001164993
257.83	-0.00174614
258.04	-0.001229559
258.24	-0.002262694
258.45	-0.001164993
258.66	-0.00142331
258.87	-0.000809841
259.07	-0.000648413
259.28	-0.000551551
259.49	-0.002198207
259.7	-0.000551551
259.9	-0.002262694
260.11	-0.000454702
260.32	-0.000777558
260.53	-0.000260977
260.74	-0.003812489
260.94	6.18817E-05
261.15	0.000417031
261.36	-0.002295069
261.57	-0.001972108
261.78	-0.000551551
261.98	-0.001552416
262.19	-0.000390122
262.4	-0.00087442
262.61	-0.001875246
262.82	-0.002165832
263.02	-0.001972108
263.23	-0.001617034
263.44	0.001417936
263.65	-0.002165832
263.86	-0.000164115
264.06	-0.001358691
264.27	-0.000680696
264.48	0.001159606
264.69	0.000804467
264.9	-0.003941594
265.11	-0.002424175
265.31	-0.000938986
265.52	-0.00029326
265.73	-0.00061613
265.94	0.001837628
266.15	-0.002779249
266.35	-0.000551551
266.56	-0.002424175
266.77	-0.000519268
266.98	-0.001229559
267.19	6.18817E-05
267.4	-0.002521037
267.61	-0.000551551
267.81	-0.002198207
268.02	6.18817E-05
268.23	0.001062757
268.44	0.000739888
268.65	-0.002843867
268.86	-0.000422405
269.06	-0.001810758
269.27	0.002967599
269.48	-0.002391931
269.69	0.000546177
269.9	-0.00113271
270.11	-3.49765E-05
270.32	-0.000422405
270.52	-0.002779249
270.73	-0.003554146
270.94	0.000158741
271.15	-0.000357839
271.36	-0.000777558
271.57	-0.001100414
271.78	0.000449314
271.99	-0.000680696
272.19	0.001159606
272.4	-0.001907621
272.61	0.000481598
272.82	-0.000454702
273.03	-0.001584659
273.24	-0.001972108
273.45	0.001579285
273.66	0.000384748
273.87	-0.001520172
274.07	-0.003037591
274.28	0.000287886
274.49	-0.002198207
274.7	0.00057846
274.91	-0.003166697
275.12	-0.001907621
275.33	-0.00206897
275.54	-0.001907621
275.75	-0.001972108
275.96	0.001676148
276.17	-0.001326448
276.37	-0.000680696
276.58	-0.000228694
276.79	-0.001003565
277	-3.49765E-05
277.21	0.002677013
277.42	0.000546177
277.63	0.000772184
277.84	-0.000260977
278.05	-0.001197276
278.26	0.000481598
278.47	-0.001552416
278.68	-0.000422405
278.89	-9.95491E-05
279.09	0.000223307
279.3	0.000255603
279.51	-0.002133588
279.72	0.000804467
279.93	-0.001939864
280.14	-0.002036726
280.35	0.000901316
280.56	0.000287886
280.77	0.000287886
280.98	0.000739888
281.19	0.000223307
281.4	-2.69051E-06
281.61	-0.002972973
281.82	-0.000228694
282.03	-0.000842137
282.24	0.000739888
282.45	-0.003005348
282.66	-0.003328178
282.87	-0.002101345
283.08	-0.000906703
283.29	-0.000906703
283.5	-0.001003565
283.7	6.18817E-05
283.91	-0.002617899
284.12	0.001837628
284.33	6.18817E-05
284.54	-0.001229559
284.75	0.001579285
284.96	0.000675322
285.17	6.18817E-05
285.38	-0.003715626
285.59	-0.001778384
285.8	-0.003554146
286.01	0.000158741
286.22	-0.00029326
286.43	0.000417031
286.64	-0.000390122
286.85	0.001062757
287.06	-0.000712992
287.27	-0.001843002
287.48	-0.000454702
287.69	0.000352452
287.9	-0.001843002
288.11	-0.001649278
288.32	-0.001164993
288.53	0.000449314
288.74	-0.000228694
288.95	0.001579285
289.16	0.000772184
289.37	0.000126454
289.58	-0.001713896
289.79	0.000352452
290	-0.001294138
290.21	-0.002327313
290.43	-0.000454702
290.64	-0.002198207
290.85	-0.001035848
291.06	-0.001907621
291.27	-0.002295069
291.48	-0.000454702
291.69	-0.002585524
291.9	-0.002940729
292.11	-0.002456419
292.32	-0.001390935
292.53	-0.003231316
292.74	0.001579285
292.95	-0.00113271
293.16	0.001062757
293.37	0.000352452
293.58	6.18817E-05
293.79	-0.001584659
294	0.000126454
294.21	-0.002230451
294.42	0.000707605
294.63	-3.49765E-05
294.84	-0.000583847
295.06	-0.000551551
295.27	-0.000260977
295.48	-0.001907621
295.69	6.18817E-05
295.9	0.001417936
296.11	-0.00061613
296.32	-0.001875246
296.53	0.001547042
296.74	-0.001939864
296.95	0.002354183
297.16	-0.000745275
297.37	-0.000971282
297.58	-0.000228694
297.79	-0.00061613
298.01	-0.00061613
298.22	-0.002488662
298.43	-6.72635E-05
298.64	0.001159606
298.85	0.000384748
299.06	-0.002101345
299.27	-0.000777558
299.48	0.004033083
299.69	-0.000422405
299.9	0.000255603
300.12	-0.00174614
300.33	-0.001584659
300.54	-0.002940729
300.75	-0.001197276
300.96	0.000643039
301.17	-0.000260977
301.38	-0.001326448
301.59	-0.001520172
301.8	-0.000196411
302.02	0.000546177
302.23	-0.001197276
302.44	0.000481598
302.65	0.000998178
302.86	0.000933612
303.07	-0.003005348
303.28	-0.000648413
303.49	-0.002101345
303.71	0.003161323
303.92	6.18817E-05
304.13	-0.001907621
304.34	9.41686E-05
304.55	0.001030461
304.76	-0.001649278
304.97	-0.003715626
305.18	0.000191024
305.4	0.000707605
305.61	-0.003037591
305.82	-0.000131832
306.03	-0.001100414
306.24	-0.00029326
306.45	-0.001261855
306.67	0.000804467
306.88	-0.002488662
307.09	-0.000519268
307.3	-0.002811623
307.51	0.001062757
307.72	-0.000260977
307.93	0.000287886
308.15	-0.000680696
308.36	-0.002230451
308.57	0.002128215
308.78	0.000352452
308.99	-0.002972973
309.21	-0.001003565
309.42	-0.000131832
309.63	0.000384748
309.84	-0.001197276
310.05	0.001643904
310.26	-0.001294138
310.48	-0.000519268
310.69	-0.001487797
310.9	-3.49765E-05
311.11	-0.000196411
311.32	0.000287886
311.54	-0.001035848
311.75	0.000384748
311.96	-0.000745275
312.17	0.00109504
312.38	-0.003941594
312.6	0.00083675
312.81	0.000772184
313.02	0.000643039
313.23	-0.000422405
313.44	0.000739888
313.66	-0.00174614
313.87	-0.000454702
314.08	-0.000938986
314.29	0.000643039
314.5	-9.95491E-05
314.72	-0.00061613
314.93	-0.001261855
315.14	0.000126454
315.35	0.001805384
315.56	0.000965895
315.78	-0.000390122
315.99	0.000707605
316.2	-0.00206897
316.41	-0.000583847
316.63	-0.000357839
316.84	-0.000422405
317.05	0.000384748
317.26	0.000546177
317.48	0.00057846
317.69	-6.72635E-05
317.9	-0.000712992
318.11	-0.001875246
318.33	-0.001972108
318.54	0.001159606
318.75	0.000352452
318.96	-0.001552416
319.17	0.000675322
319.39	-0.000260977
319.6	-0.000745275
319.81	-0.000906703
320.03	-0.000583847
320.24	-0.000777558
320.45	0.00083675
320.66	0.000384748
320.88	-0.000325556
321.09	-0.001390935
321.3	-0.002165832
321.51	0.000417031
321.73	-0.002747005
321.94	-6.72635E-05
322.15	-0.001455554
322.36	-0.00061613
322.58	-0.00061613
322.79	0.002063596
323	-0.001810758
323.22	0.001159606
323.43	6.18817E-05
323.64	-0.001326448
323.85	-0.001326448
324.07	0.001127323
324.28	-0.001972108
324.49	-0.001035848
324.71	-0.00142331
324.92	0.000739888
325.13	-0.002972973
325.34	0.000772184
325.56	-0.001035848
325.77	-0.002101345
325.98	-0.002101345
326.2	-0.000777558
326.41	-0.001487797
326.62	-0.000260977
326.84	-0.00087442
327.05	-0.000422405
327.26	-6.72635E-05
327.47	-0.000712992
327.69	9.41686E-05
327.9	-0.002230451
328.11	-0.002327313
328.33	2.9596E-05
328.54	-0.001649278
328.75	0.000158741
328.97	-0.001584659
329.18	-0.001326448
329.39	-0.000971282
329.61	0.000707605
329.82	0.000449314
330.03	0.000287886
330.25	-0.00113271
330.46	-3.49765E-05
330.67	-0.001552416
330.89	0.000223307
331.1	-0.001778384
331.31	-0.001003565
331.53	-0.003263559
331.74	0.001353317
331.95	-0.000583847
332.17	0.001579285
332.38	-0.001584659
332.59	0.001321074
332.81	-0.000325556
333.02	-0.001778384
333.24	0.001869872
333.45	0.002063596
333.66	-0.001100414
333.88	-0.000583847
334.09	0.002451045
334.3	-0.001003565
334.52	0.001353317
334.73	0.001579285
334.94	-0.000357839
335.16	9.41686E-05
335.37	-0.003554146
335.59	0.001030461
335.8	-0.001875246
336.01	0.002483288
336.23	-0.001390935
336.44	0.001191902
336.65	0.001740766
336.87	-0.001229559
337.08	0.000320169
337.3	-0.001358691
337.51	-0.002811623
337.72	0.002870737
337.94	0.000481598
338.15	-0.000712992
338.37	-0.00142331
338.58	0.000772184
338.79	-0.00206897
339.01	-0.000390122
339.22	-0.002391931
339.44	-0.00113271
339.65	-0.002036726
339.86	0.000739888
340.08	-0.002585524
340.29	0.000610743
340.51	-0.001294138
340.72	-0.001261855
340.93	-0.002811623
341.15	0.001030461
341.36	-0.000454702
341.58	-0.000938986
341.79	0.000643039
342	-0.001003565
342.22	-0.001520172
342.43	0.000739888
342.65	0.001062757
342.86	0.001030461
343.08	0.000901316
343.29	0.001321074
343.5	2.9596E-05
343.72	-0.001068131
343.93	-0.002230451
344.15	-0.002391931
344.36	-0.001197276
344.58	-0.001003565
344.79	-0.000938986
345	-0.001584659
345.22	-0.001326448
345.43	-0.002327313
345.65	-0.001261855
345.86	-0.000196411
346.08	-2.69051E-06
346.29	-0.000809841
346.51	-0.001035848
346.72	0.00145018
346.94	-0.001810758
347.15	-0.00061613
347.36	0.000417031
347.58	-3.49765E-05
347.79	-0.001003565
348.01	0.000158741
348.22	-0.002262694
348.44	-0.00206897
348.65	-0.002327313
348.87	-0.000131832
349.08	-0.000454702
349.3	-0.00087442
349.51	9.41686E-05
349.73	-0.000906703
349.94	-0.000519268
350.16	0.000287886
350.37	0.000352452
350.59	0.000610743
350.8	-0.002972973
351.01	0.001321074
351.23	-0.002456419
351.44	0.002225077
351.66	-0.001681521
351.87	-0.001455554
352.09	-0.002391931
352.3	0.000320169
352.52	-0.002198207
352.73	0.000223307
352.95	-0.002585524
353.16	0.000901316
353.38	0.000287886
353.59	0.000610743
353.81	-0.000809841
354.02	-0.000777558
354.24	-0.002682387
354.45	-0.000164115
354.67	-0.002553281
354.88	-0.000228694
355.1	-0.001261855
355.32	-0.00061613
355.53	0.000158741
355.75	-0.000390122
355.96	0.000384748
356.18	6.18817E-05
356.39	0.001256468
356.61	-0.001003565
356.82	-0.001681521
357.04	-0.001584659
357.25	-0.002456419
357.47	0.000384748
357.68	-0.002521037
357.9	-0.001617034
358.11	-0.000745275
358.33	0.00057846
358.54	-0.001100414
358.76	-0.001229559
358.98	-0.001520172
359.19	-0.001068131
359.41	0.000481598
359.62	-0.000260977
359.84	-9.95491E-05
360.05	0.000901316
360.27	-0.000745275
360.48	9.41686E-05
360.7	-0.002553281
360.91	0.000417031
361.13	-0.000325556
361.35	0.001191902
361.56	-2.69051E-06
361.78	-0.001649278
361.99	6.18817E-05
362.21	-0.001164993
362.42	0.000869033
362.64	0.000158741
362.86	-0.001229559
363.07	-0.000712992
363.29	-0.001068131
363.5	-0.001520172
363.72	-0.000777558
363.93	0.000965895
364.15	-0.000906703
364.37	0.001579285
364.58	-0.002327313
364.8	0.001321074
365.01	-0.001907621
365.23	-0.000357839
365.45	-0.002488662
365.66	-0.001326448
365.88	0.000384748
366.09	-0.002036726
366.31	0.00225732
366.53	-2.69051E-06
366.74	-0.000454702
366.96	0.001062757
367.17	-0.002811623
367.39	2.9596E-05
367.61	-0.002165832
367.82	-0.002133588
368.04	-0.003715626
368.25	-0.000260977
368.47	-0.000971282
368.69	-0.001520172
368.9	-0.001326448
369.12	0.000449314
369.33	0.00161166
369.55	0.001579285
369.77	-0.003037591
369.98	-0.001487797
370.2	9.41686E-05
370.41	6.18817E-05
370.63	-0.002940729
370.85	-0.000680696
371.06	-0.000938986
371.28	-0.000260977
371.5	-0.000454702
371.71	-0.000486985
371.93	-0.001390935
372.15	0.000739888
372.36	-0.001778384
372.58	0.002418801
372.79	0.000320169
373.01	-0.001584659
373.23	-0.000486985
373.44	-0.000519268
373.66	0.000255603
373.88	0.000643039
374.09	-0.000196411
374.31	0.000126454
374.53	-0.000906703
374.74	-0.000842137
374.96	0.000320169
375.18	-0.000842137
375.39	-0.000551551
375.61	0.000255603
375.83	-0.000842137
376.04	-0.000551551
376.26	-0.001164993
376.48	-0.001649278
376.69	-0.000551551
376.91	-0.001229559
377.13	-0.000583847
377.34	0.001256468
377.56	-0.002262694
377.78	-0.000260977
377.99	-0.002230451
378.21	0.00057846
378.43	-0.001907621
378.64	0.000546177
378.86	-0.002359556
379.08	0.000158741
379.29	-0.000357839
379.51	0.000707605
379.73	-0.00174614
379.94	-0.000971282
380.16	0.001869872
380.38	-0.00029326
380.6	-0.001552416
380.81	0.000384748
381.03	0.000739888
381.25	-0.000164115
381.46	-0.001907621
381.68	0.000513894
381.9	-0.003909351
382.11	-0.001358691
382.33	-0.00113271
382.55	0.00083675
382.77	-0.000809841
382.98	0.000804467
383.2	-0.001681521
383.42	-0.00087442
383.63	0.001514798
383.85	0.001837628
384.07	-0.002198207
384.29	-0.001810758
384.5	-0.000583847
384.72	0.000449314
384.94	-0.00061613
385.15	0.000384748
385.37	6.18817E-05
385.59	0.002967599
385.81	-3.49765E-05
386.02	-0.00087442
386.24	-0.001810758
386.46	-0.001681521
386.68	-0.000422405
386.89	0.001288751
387.11	-6.72635E-05
387.33	0.003516528
387.55	-0.002101345
387.76	-0.000842137
387.98	-2.69051E-06
388.2	-0.002553281
388.42	-0.001358691
388.63	0.000804467
388.85	0.000384748
389.07	-9.95491E-05
389.29	-0.00113271
389.5	-6.72635E-05
389.72	-0.001875246
389.94	0.001869872
390.16	-0.000519268
390.37	-0.000131832
390.59	-0.000260977
390.81	0.001030461
391.03	-0.002456419
391.24	-0.000228694
391.46	-0.000196411
391.68	0.000739888
391.9	-0.000842137
392.11	-0.000519268
392.33	0.000126454
392.55	-0.001713896
392.77	-0.002811623
392.99	-0.000228694
393.2	-0.002553281
393.42	-0.000842137
393.64	-0.000842137
393.86	0.00161166
394.07	-0.00087442
394.29	0.000320169
394.51	-0.001294138
394.73	0.000158741
394.95	-0.002779249
395.16	0.002354183
395.38	-0.000131832
395.6	0.000675322
395.82	-0.000680696
396.04	-6.72635E-05
396.25	-0.00113271
396.47	0.000126454
396.69	-0.001455554
396.91	-0.000777558
397.13	0.001321074
397.34	-3.49765E-05
397.56	-0.002359556
397.78	0.00083675
398	9.41686E-05
398.22	0.001191902
398.44	-0.002617899
398.65	0.003225942
398.87	0.001030461
399.09	-0.000551551
399.31	0.000772184
399.53	0.001579285
399.74	-0.00174614
399.96	0.000513894
400.18	-0.000971282
400.4	-0.000551551
400.62	-0.00142331
400.84	-0.000260977
401.05	-0.000357839
401.27	-0.000938986
401.49	0.000417031
401.71	-2.69051E-06
401.93	-0.003457284
402.15	-0.001390935
402.36	-0.002391931
402.58	-0.002036726
402.8	-0.000260977
403.02	0.000869033
403.24	0.000998178
403.46	-0.00061613
403.68	0.000320169
403.89	-0.000519268
404.11	-0.001875246
404.33	-0.001229559
404.55	0.000191024
404.77	-0.000551551
404.99	0.001579285
405.21	-0.001326448
405.42	-0.001261855
405.64	0.002644769
405.86	0.000449314
406.08	-0.000777558
406.3	-0.001068131
406.52	-0.001939864
406.74	-0.001778384
406.95	0.000126454
407.17	0.002031352
407.39	0.001224185
407.61	0.00109504
407.83	-0.00174614
408.05	0.002063596
408.27	-0.001390935
408.49	-0.001455554
408.71	-0.00029326
408.92	-0.001294138
409.14	-0.002617899
409.36	0.001127323
409.58	-0.001617034
409.8	0.000513894
410.02	-0.000390122
410.24	0.001191902
410.46	-0.000260977
410.68	0.002063596
410.89	-0.001455554
411.11	-0.000131832
411.33	-0.001617034
411.55	0.000739888
411.77	-0.000260977
411.99	0.000287886
412.21	-0.001649278
412.43	-0.001003565
412.65	-0.001907621
412.87	0.000804467
413.08	-0.004167562
413.3	0.000158741
413.52	-0.000971282
413.74	-0.000131832
413.96	-0.001810758
414.18	-0.000422405
414.4	-0.001455554
414.62	-0.001455554
414.84	-0.002456419
415.06	0.000675322
415.28	-0.001003565
415.5	-0.001035848
415.72	0.000643039
415.93	-0.001068131
416.15	9.41686E-05
416.37	-0.002004483
416.59	-0.002101345
416.81	0.000675322
417.03	-0.001068131
417.25	-0.000745275
417.47	-0.002617899
417.69	-0.001713896
417.91	-0.000228694
418.13	0.000449314
418.35	-0.000648413
418.57	-0.000519268
418.79	0.001224185
419.01	-2.69051E-06
419.23	-0.000712992
419.45	-0.00113271
419.67	-0.003134454
419.89	0.000223307
420.1	-0.001681521
420.32	-0.001229559
420.54	0.000223307
420.76	0.000384748
420.98	0.001482423
421.2	-0.001390935
421.42	-0.000938986
421.64	-0.000228694
421.86	-0.001358691
422.08	0.000901316
422.3	0.000610743
422.52	-0.001649278
422.74	-0.000680696
422.96	0.000707605
423.18	0.001902247
423.4	0.000772184
423.62	-0.002391931
423.84	0.001159606
424.06	-0.000777558
424.28	0.000126454
424.5	6.18817E-05
424.72	0.001062757
424.94	0.00109504
425.16	-0.00029326
425.38	-0.000842137
425.6	0.001385561
425.82	-0.000809841
426.04	0.001676148
426.26	-0.000648413
426.48	-0.001907621
426.7	-0.001487797
426.92	-0.001229559
427.14	-0.002488662
427.36	0.000417031
427.58	-0.002004483
427.8	0.002128215
428.02	-0.002036726
428.24	-0.002553281
428.46	-0.000228694
428.68	-0.000777558
428.9	-0.000680696
429.12	-0.002036726
429.34	-0.00142331
429.56	2.9596E-05
429.78	-0.002940729
430	-0.00174614
430.22	-0.001068131
430.44	-0.001939864
430.66	-0.003166697
430.88	-0.000228694
431.1	-0.000486985
431.32	-0.00087442
431.54	-0.00113271
431.76	0.001256468
431.98	-0.001520172
432.2	-0.000164115
432.42	-0.000422405
432.64	0.001353317
432.87	0.000449314
433.09	6.18817E-05
433.31	-0.002004483
433.53	0.000513894
433.75	-0.000486985
433.97	0.000675322
434.19	-0.000131832
434.41	-0.001294138
434.63	-0.002553281
434.85	-0.000131832
435.07	6.18817E-05
435.29	0.000739888
435.51	-0.000325556
435.73	-0.002036726
435.95	-0.001617034
436.17	0.000739888
436.39	-0.000196411
436.61	0.000998178
436.83	0.002903112
437.06	-0.001326448
437.28	0.000287886
437.5	0.000287886
437.72	0.000417031
437.94	-0.000486985
438.16	0.000449314
438.38	-0.001261855
438.6	-0.001875246
438.82	0.000546177
439.04	-0.000745275
439.26	-0.001003565
439.48	-9.95491E-05
439.7	0.002031352
439.93	0.000158741
440.15	-0.001358691
440.37	-0.000454702
440.59	-0.00061613
440.81	-0.001875246
441.03	-0.001100414
441.25	-0.002650143
441.47	0.001256468
441.69	0.001127323
441.91	-0.001455554
442.13	-0.000680696
442.36	0.001030461
442.58	-0.000390122
442.8	0.001676148
443.02	-0.001810758
443.24	-0.001100414
443.46	6.18817E-05
443.68	0.000126454
443.9	-0.001003565
444.12	-0.00174614
444.35	-0.001068131
444.57	-2.69051E-06
444.79	0.000320169
445.01	-0.000390122
445.23	-0.002424175
445.45	0.000158741
445.67	-0.001939864
445.89	-0.003069835
446.12	-0.001068131
446.34	0.003516528
446.56	-0.001584659
446.78	-0.001294138
447	-0.000260977
447.22	0.001353317
447.44	0.002386426
447.66	0.001869872
447.89	-0.001035848
448.11	-0.001552416
448.33	0.00057846
448.55	-0.001100414
448.77	-0.000196411
448.99	0.000965895
449.21	-0.000583847
449.44	-0.000842137
449.66	-0.001487797
449.88	-0.002650143
450.1	-0.000228694
450.32	0.001030461
450.54	-0.001294138
450.76	-0.00142331
450.99	-0.001294138
451.21	0.000191024
451.43	-0.001843002
451.65	-0.000777558
451.87	-0.002327313
452.09	-0.002230451
452.32	-9.95491E-05
452.54	0.00083675
452.76	-0.003360422
452.98	-0.000842137
453.2	-0.002424175
453.42	0.000739888
453.65	-0.00174614
453.87	-0.001068131
454.09	0.000223307
454.31	0.001030461
454.53	0.000449314
454.75	0.000320169
454.98	0.000739888
455.2	0.000126454
455.42	-0.000325556
455.64	-3.49765E-05
455.86	-0.004587386
456.09	-0.00113271
456.31	-0.000745275
456.53	0.00083675
456.75	-0.001939864
456.97	-0.000325556
457.19	-0.000583847
457.42	-0.001164993
457.64	0.001999109
457.86	-0.00087442
458.08	-0.002585524
458.3	-0.002908486
458.53	0.000804467
458.75	-0.000938986
458.97	-6.72635E-05
459.19	0.000320169
459.41	-0.001294138
459.64	-0.001649278
459.86	-0.002004483
460.08	-2.69051E-06
460.3	0.000804467
460.53	-3.49765E-05
460.75	0.000513894
460.97	-0.000357839
461.19	0.000643039
461.41	0.000417031
461.64	-0.000228694
461.86	-0.004748735
462.08	0.000513894
462.3	-0.000325556
462.53	-0.000777558
462.75	-0.000325556
462.97	-0.001358691
463.19	-0.001487797
463.41	-0.00061613
463.64	-0.001681521
463.86	-0.000486985
464.08	-0.001810758
464.3	-0.001681521
464.53	-0.000938986
464.75	0.001062757
464.97	-0.003037591
465.19	0.002095971
465.42	-0.00061613
465.64	-9.95491E-05
465.86	-0.00113271
466.08	-0.002101345
466.31	-0.001939864
466.53	-3.49765E-05
466.75	-0.001261855
466.97	-0.001713896
467.2	-0.00142331
467.42	-0.000325556
467.64	-0.000583847
467.86	0.001999109
468.09	-0.001875246
468.31	-0.002101345
468.53	-0.001939864
468.75	-0.000648413
468.98	-0.000680696
469.2	0.001805384
469.42	-0.002198207
469.64	-0.000551551
469.87	0.001999109
470.09	-0.000164115
470.31	0.000998178
470.54	-0.001294138
470.76	-0.003683252
470.98	0.002741631
471.2	0.000417031
471.43	-0.001003565
471.65	0.000739888
471.87	0.000287886
472.09	-0.002843867
472.32	0.000191024
472.54	-0.002295069
472.76	0.00145018
472.99	0.001547042
473.21	-9.95491E-05
473.43	0.000901316
473.65	-0.000906703
473.88	0.001256468
474.1	0.002386426
474.32	-0.001358691
474.55	6.18817E-05
474.77	-0.00113271
474.99	-0.000551551
475.22	-0.000842137
475.44	0.000901316
475.66	-0.000648413
475.88	0.002160458
476.11	-0.002488662
476.33	0.000384748
476.55	0.001482423
476.78	0.001321074
477	-0.001455554
477.22	0.000320169
477.45	-0.001003565
477.67	-0.00029326
477.89	-0.000551551
478.12	0.000998178
478.34	-0.00174614
478.56	0.002031352
478.79	-2.69051E-06
479.01	-0.001907621
479.23	-2.69051E-06
479.46	0.000869033
479.68	0.00083675
479.9	0.001224185
480.13	-0.000486985
480.35	-0.002682387
480.57	0.000707605
480.8	0.001353317
481.02	0.000933612
481.24	0.000933612
481.47	-0.000196411
481.69	0.000804467
481.91	-0.000745275
482.14	0.002935355
482.36	0.00513081
482.58	0.00177301
482.81	0.004388287
483.03	0.000320169
483.25	0.002483288
483.48	0.005389152
483.7	0.004226807
483.92	0.005905707
484.15	0.008585472
484.37	0.006422261
484.59	0.006390018
484.82	0.009069783
485.04	0.012556689
485.26	0.014558157
485.49	0.019143052
485.71	0.017302802
485.94	0.018917608
486.16	0.017561014
486.38	0.026342832
486.61	0.025180224
486.83	0.035576847
487.05	0.031927806
487.28	0.043325819
487.5	0.042421422
487.73	0.045746717
487.95	0.055432931
488.17	0.063019372
488.4	0.063084908
488.62	0.071220542
488.84	0.077418932
489.07	0.085975306
489.29	0.089494587
489.52	0.100407634
489.74	0.105767164
489.96	0.118068262
490.19	0.119456314
490.41	0.128496343
490.64	0.135305529
490.86	0.146184497
491.08	0.146512177
491.31	0.159199937
491.53	0.165045744
491.76	0.186738145
491.98	0.180892338
492.2	0.197132147
492.43	0.202912418
492.65	0.216609432
492.88	0.214931712
493.1	0.240241697
493.32	0.241277165
493.55	0.25641597
493.77	0.265394395
494	0.280598736
494.22	0.283665819
494.44	0.300744488
494.67	0.310876347
494.89	0.322921855
495.12	0.329318164
495.34	0.349844024
495.56	0.355021365
495.79	0.37216557
496.01	0.385036831
496.24	0.392730752
496.46	0.402220358
496.69	0.424174902
496.91	0.426625947
497.13	0.448226597
497.36	0.450166461
497.58	0.470207356
497.81	0.475122552
498.03	0.500170393
498.26	0.503303012
498.48	0.516030094
498.71	0.531916009
498.93	0.551734081
499.15	0.550344719
499.38	0.573492018
499.6	0.576729494
499.83	0.605198312
500.05	0.607623142
500.28	0.620573046
500.5	0.638451254
500.73	0.658728078
500.95	0.653183737
501.17	0.67677668
501.4	0.681587019
501.62	0.697092825
501.85	0.708037329
502.07	0.728432118
502.3	0.726085931
502.52	0.748328833
502.75	0.749128372
502.97	0.77209217
503.2	0.778868587
503.42	0.797428369
503.64	0.807665085
503.87	0.817993551
504.09	0.813641964
504.32	0.831336671
504.54	0.838021339
504.77	0.845020578
504.99	0.849961989
505.22	0.856135476
505.44	0.870304349
505.67	0.87282093
505.89	0.871339817
506.12	0.89516869
506.34	0.900817889
506.57	0.905038404
506.79	0.916664482
507.02	0.916048444
507.24	0.923375364
507.47	0.922667575
507.69	0.930610533
507.92	0.944910478
508.14	0.94671927
508.37	0.950992214
508.59	0.94821349
508.82	0.958188062
509.04	0.95647102
509.27	0.95931528
509.49	0.960219677
509.72	0.97107243
509.94	0.96990589
510.17	0.971845755
510.39	0.982790259
510.62	0.979434818
510.84	0.972107898
511.07	0.973326867
511.29	0.985084017
511.52	0.98773167
511.74	0.971426324
511.97	0.992345401
512.19	0.977757098
512.42	0.99150654
512.64	0.991768684
512.87	0.983013081
513.09	0.981138753
513.32	0.992017721
513.54	0.977875062
513.77	0.985857341
513.99	0.981204289
514.22	1
514.44	0.975358482
514.67	0.98982882
514.89	0.972068577
515.12	0.983694655
515.34	0.97839935
515.57	0.990182714
515.8	0.978530422
516.02	0.992214329
516.25	0.983301439
516.47	0.990208929
516.7	0.970967573
516.92	0.980627572
517.15	0.988085564
517.37	0.973038509
517.6	0.97149186
517.82	0.976878916
518.05	0.973969119
518.27	0.973811833
518.5	0.975817233
518.73	0.969879676
518.95	0.96939471
519.18	0.965003801
519.4	0.972068577
519.63	0.963863476
519.85	0.967743204
520.08	0.957834168
520.3	0.963509581
520.53	0.946653734
520.76	0.96738931
520.98	0.945592052
521.21	0.950952893
521.43	0.937164128
521.66	0.947020736
521.88	0.935840302
522.11	0.949366923
522.34	0.942236611
522.56	0.932288253
522.79	0.934647548
523.01	0.928002202
523.24	0.925092406
523.46	0.911408499
523.69	0.9079482
523.92	0.910268173
524.14	0.903360684
524.37	0.90678166
524.59	0.895417726
524.82	0.884538758
525.05	0.885665976
525.27	0.888064592
525.5	0.87809002
525.72	0.873397646
525.95	0.866621228
526.17	0.868403806
526.4	0.856620442
526.63	0.852675178
526.85	0.852583427
527.08	0.852386819
527.3	0.843408394
527.53	0.844116182
527.76	0.824232574
527.98	0.823066034
528.21	0.825687472
528.43	0.823066034
528.66	0.802894068
528.89	0.80638058
529.11	0.791425276
529.34	0.801242562
529.56	0.790140771
529.79	0.792041314
530.02	0.788646551
530.24	0.791949564
530.47	0.789065982
530.7	0.774123784
530.92	0.769955698
531.15	0.777033581
531.37	0.758080583
531.6	0.754358141
531.83	0.740058196
532.05	0.748525441
532.28	0.739350408
532.51	0.735929431
532.73	0.731984167
532.96	0.726400503
533.18	0.716465253
533.41	0.720554696
533.64	0.708351902
533.86	0.709649514
534.09	0.692570844
534.32	0.695860749
534.54	0.6881144
534.77	0.680551551
535	0.676108213
535.22	0.675583925
535.45	0.662634021
535.67	0.663538417
535.9	0.659894618
536.13	0.650051118
536.35	0.632382625
536.58	0.635934674
536.81	0.61799093
537.03	0.623994023
537.26	0.617597714
537.49	0.614242273
537.71	0.601646263
537.94	0.596324744
538.17	0.592156657
538.39	0.585734134
538.62	0.572495871
538.85	0.574370199
539.07	0.549636931
539.3	0.555508952
539.53	0.53601856
539.75	0.533659265
539.98	0.523553622
540.21	0.526332346
540.43	0.507536635
540.66	0.506606024
540.89	0.491165754
541.11	0.490969146
541.34	0.478477993
541.57	0.477835741
541.79	0.460272105
542.02	0.47298608
542.25	0.444831835
542.47	0.445867303
542.7	0.432248932
542.93	0.428434739
543.15	0.422588932
543.38	0.421134034
543.61	0.403439327
543.83	0.396925053
544.06	0.38849713
544.29	0.387527197
544.51	0.372388392
544.74	0.370186384
544.97	0.365795475
545.2	0.358088447
545.42	0.342333604
545.65	0.345584187
545.88	0.330091488
546.1	0.32812541
546.33	0.31846541
546.56	0.30745537
546.78	0.300167772
547.01	0.295776863
547.24	0.283757569
547.47	0.284347393
547.69	0.263585603
547.92	0.26341521
548.15	0.254607177
548.37	0.249246337
548.6	0.237908617
548.83	0.239271764
549.06	0.223228563
549.28	0.225351928
549.51	0.216439038
549.74	0.214997247
549.96	0.200173015
550.19	0.199203083
550.42	0.19478596
550.65	0.189451333
550.87	0.180997195
551.1	0.18144284
551.33	0.168912365
551.55	0.156971715
551.78	0.156814428
552.01	0.15251527
552.24	0.148412719
552.46	0.14183291
552.69	0.130627572
552.92	0.132303982
553.15	0.120263717
553.37	0.127850159
553.6	0.104474795
553.83	0.112256534
554.06	0.099083807
554.28	0.102409102
554.51	0.092142239
554.74	0.087879781
554.97	0.082003827
555.19	0.08536189
555.42	0.071059323
555.65	0.075805437
555.87	0.06405353
556.1	0.069638504
556.33	0.062083519
556.56	0.063987994
556.79	0.05388235
557.01	0.054850971
557.24	0.047070543
557.47	0.046424358
557.7	0.038611162
557.92	0.041969224
558.15	0.033123181
558.38	0.034544001
558.61	0.032057567
558.83	0.029862112
559.06	0.026826487
559.29	0.027020473
559.52	0.022113141
559.74	0.023598186
559.97	0.020272892
560.2	0.019789236
560.43	0.018496867
560.66	0.017011823
560.88	0.01352531
561.11	0.013880515
561.34	0.00848861
561.57	0.011329724
561.79	0.009231132
562.02	0.010716308
562.25	0.007035678
562.48	0.005905707
562.71	0.009683199
562.93	0.007778331
563.16	0.00881144
563.39	0.005098566
563.62	0.004969329
563.84	0.005711983
564.07	0.006680604
564.3	0.003645634
564.53	0.00513081
564.76	0.003807115
564.98	0.001676148
565.21	0.001708522
565.44	0.002870737
565.67	0.00161166
565.9	0.002741631
566.12	0.003096836
566.35	0.002709387
566.58	0.000287886
566.81	0.000417031
567.04	0.003161323
567.26	-0.001294138
567.49	0.000610743
567.72	0.002515663
567.95	0.002063596
568.18	0.002192833
568.41	0.00145018
568.63	0.000804467
568.86	-0.000260977
569.09	0.000384748
569.32	-9.95491E-05
569.55	0.000965895
569.77	0.00258015
570	-0.000745275
570.23	-0.000745275
570.46	0.00083675
570.69	0.000191024
570.92	-9.95491E-05
571.14	0.000384748
571.37	0.002095971
571.6	-0.002843867
571.83	0.002160458
572.06	9.41686E-05
572.29	0.000513894
572.51	-0.003037591
572.74	0.00177301
572.97	-0.001520172
573.2	0.000610743
573.43	-0.001810758
573.66	0.000255603
573.88	-0.00142331
574.11	0.000449314
574.34	0.00258015
574.57	0.002838493
574.8	0.000417031
575.03	0.00057846
575.26	0.00057846
575.48	-0.000971282
575.71	-0.000680696
575.94	-0.002714761
576.17	-2.69051E-06
576.4	-2.69051E-06
576.63	0.000901316
576.85	-0.002843867
577.08	-0.00113271
577.31	-0.00029326
577.54	-0.001035848
577.77	0.000158741
578	0.001482423
578.23	-0.003263559
578.46	-0.001520172
578.68	-0.000486985
578.91	0.00109504
579.14	0.000352452
579.37	0.000287886
579.6	-0.002295069
579.83	0.00083675
580.06	-0.000777558
580.28	-0.002230451
580.51	-0.001390935
580.74	-0.001164993
580.97	0.000223307
581.2	-0.001326448
581.43	-0.000745275
581.66	-9.95491E-05
581.89	-0.000777558
582.12	-0.000745275
582.34	-0.000809841
582.57	-0.001487797
582.8	-0.00061613
583.03	0.001999109
583.26	-0.001907621
583.49	-0.001003565
583.72	-0.001520172
583.95	-0.000357839
584.18	0.00083675
584.4	0.000901316
584.63	-0.001520172
584.86	9.41686E-05
585.09	-0.001035848
585.32	-0.000906703
585.55	-0.00087442
585.78	0.001417936
586.01	0.001869872
586.24	-0.001843002
586.47	-0.000519268
586.69	-0.000357839
586.92	-0.001003565
587.15	0.000546177
587.38	-0.001035848
587.61	0.000965895
587.84	0.001999109
588.07	0.000384748
588.3	0.000158741
588.53	-0.000551551
588.76	0.004420531
588.99	-0.001358691
589.21	-0.00142331
589.44	2.9596E-05
589.67	-9.95491E-05
589.9	6.18817E-05
590.13	-0.000390122
590.36	-0.00029326
590.59	-0.000390122
590.82	0.001643904
591.05	-0.002811623
591.28	-0.00087442
591.51	-0.002876111
591.74	0.001127323
591.97	-0.001810758
592.19	0.001159606
592.42	-0.002101345
592.65	-0.000454702
592.88	-0.001261855
593.11	-0.000454702
593.34	-0.00206897
593.57	-0.000842137
593.8	-0.002585524
594.03	0.000481598
594.26	2.9596E-05
594.49	-0.000971282
594.72	-0.001552416
594.95	0.001385561
595.18	0.000223307
595.41	0.001579285
595.64	-0.001552416
595.87	-0.000228694
596.1	-0.001520172
596.32	-0.000938986
596.55	0.001256468
596.78	-0.001068131
597.01	-2.69051E-06
597.24	-0.001584659
597.47	-0.000648413
597.7	-2.69051E-06
597.93	0.001224185
598.16	-0.000164115
598.39	-0.003715626
598.62	0.000223307
598.85	0.000417031
599.08	-0.000777558
599.31	-0.000680696
599.54	-0.001164993
599.77	-0.000842137
600	0.000223307
600.23	0.000933612
600.46	0.002160458
600.69	-0.000680696
600.92	6.18817E-05
601.15	-0.001713896
601.38	-0.002036726
601.61	-0.000196411
601.84	0.000287886
602.07	0.000933612
602.3	0.000384748
602.53	-0.001229559
602.76	0.000610743
602.99	-0.003005348
603.22	-0.002424175
603.45	-0.000131832
603.68	-0.000842137
603.91	-0.000131832
604.14	0.000513894
604.36	-0.000712992
604.59	0.000287886
604.82	0.000287886
605.05	0.000191024
605.28	-0.00087442
605.51	-0.000971282
605.74	-0.001487797
605.97	0.000772184
606.2	0.000772184
606.43	-0.001358691
606.66	-0.001907621
606.89	-0.001552416
607.12	-0.001003565
607.35	0.001708522
607.58	-0.001552416
607.81	-6.72635E-05
608.05	-0.000260977
608.28	-0.002295069
608.51	0.000255603
608.74	-0.001778384
608.97	0.000739888
609.2	-0.002908486
609.43	2.9596E-05
609.66	0.001353317
609.89	0.001869872
610.12	-0.001939864
610.35	0.000546177
610.58	-0.001487797
610.81	-0.000712992
611.04	0.002612525
611.27	-0.001584659
611.5	0.000417031
611.73	0.000804467
611.96	-0.002327313
612.19	-0.002876111
612.42	0.001224185
612.65	0.00177301
612.88	-0.001939864
613.11	-0.001487797
613.34	-0.000583847
613.57	-0.00061613
613.8	0.001643904
614.03	-0.002198207
614.26	-0.00061613
614.49	0.000901316
614.72	-0.000422405
614.95	-0.001649278
615.18	-0.000131832
615.41	6.18817E-05
615.64	0.000417031
615.87	0.00161166
616.1	0.001514798
616.34	0.000772184
616.57	0.000901316
616.8	-0.000745275
617.03	-0.00174614
617.26	0.000255603
617.49	-0.000680696
617.72	-0.000325556
617.95	-0.001035848
618.18	-0.001907621
618.41	-0.000938986
618.64	-0.000906703
618.87	0.000772184
619.1	-0.002165832
619.33	-9.95491E-05
619.56	-0.002230451
619.79	-0.000486985
620.02	-0.002230451
620.26	-0.00087442
620.49	-0.000551551
620.72	-0.001843002
620.95	0.000933612
621.18	-0.001003565
621.41	-0.000680696
621.64	-0.002553281
621.87	-0.001390935
622.1	-0.000454702
622.33	-0.001713896
622.56	6.18817E-05
622.79	0.000675322
623.02	-0.000842137
623.25	-0.00029326
623.49	-0.001843002
623.72	-0.000648413
623.95	-0.000648413
624.18	-0.00374787
624.41	-0.001649278
624.64	0.000384748
624.87	0.000998178
625.1	-0.002359556
625.33	-0.000551551
625.56	0.000901316
625.79	-0.000325556
626.03	-0.000712992
626.26	-0.000390122
626.49	-0.001617034
626.72	-0.001358691
626.95	-0.00206897
627.18	0.000643039
627.41	-0.000648413
627.64	0.000287886
627.87	-0.00061613
628.1	0.001482423
628.33	-0.002811623
628.57	-0.002424175
628.8	-0.00174614
629.03	-0.001068131
629.26	2.9596E-05
629.49	-0.002521037
629.72	-0.001649278
629.95	6.18817E-05
630.18	-2.69051E-06
630.41	0.000158741
630.65	-0.003037591
630.88	-0.001294138
631.11	0.000481598
631.34	0.000513894
631.57	0.000191024
631.8	0.000417031
632.03	-0.001649278
632.26	0.00057846
632.5	-0.002811623
632.73	0.000933612
632.96	-0.001810758
633.19	0.000417031
633.42	-0.002908486
633.65	-0.001487797
633.88	0.001579285
634.11	-2.69051E-06
634.35	-0.000971282
634.58	-0.000325556
634.81	0.000384748
635.04	-9.95491E-05
635.27	-0.000131832
635.5	-0.000809841
635.73	0.00225732
635.96	-0.00113271
636.2	-0.000519268
636.43	-0.000583847
636.66	0.000739888
636.89	0.000707605
637.12	-0.001358691
637.35	-0.002262694
637.58	-0.000971282
637.82	-0.001326448
638.05	0.000417031
638.28	-0.001487797
638.51	0.000739888
638.74	-0.001810758
638.97	0.001062757
639.21	-0.003457284
639.44	0.000158741
639.67	-6.72635E-05
639.9	0.000965895
640.13	-0.000325556
640.36	-0.001164993
640.59	-0.000971282
640.83	-0.000486985
641.06	-0.001681521
641.29	-0.000648413
641.52	0.001837628
641.75	0.000610743
641.98	-0.00206897
642.22	0.002225077
642.45	-0.003037591
642.68	0.001321074
642.91	-0.001972108
643.14	0.00177301
643.37	-0.002488662
643.61	0.000126454
643.84	0.000255603
644.07	-0.002714761
644.3	-0.001843002
644.53	-0.001229559
644.76	-6.72635E-05
645	-0.000583847
645.23	-0.00029326
645.46	-0.00061613
645.69	-0.002650143
645.92	-0.001100414
646.16	0.000901316
646.39	-0.00087442
646.62	-0.001197276
646.85	-0.001164993
647.08	-0.003328178
647.31	0.000772184
647.55	-0.001229559
647.78	-0.00142331
648.01	-0.000355388
648.24	-0.000589391
648.47	-0.002340158
648.71	0.001641938
648.94	-0.001299132
649.17	-0.000910596
649.4	-0.00202978
649.63	0.000965174
649.87	-0.000360382
650.1	-0.000453705
650.33	-0.000693501
650.56	0.001199216
650.79	-0.001861221
651.03	0.00065439
651.26	-0.00209217
651.49	0.00053341
651.72	-0.000111583
651.95	0.002252471
652.19	-0.001211288
652.42	-0.000489672
652.65	-0.002795239
652.88	0.000169633
653.12	0.001441136
653.35	-0.000755236
653.58	0.001659108
653.81	0.001013251
654.04	0.000133929
654.28	-0.001477311
654.51	-0.000275697
654.74	-0.001376124
654.97	0.00013271
655.2	-0.000379453
655.44	-0.00034156
655.67	-0.001833696
655.9	-0.000575104
656.13	0.002228616
656.37	-0.003224238
656.6	-6.67012E-05
656.83	0.002082995
657.06	-0.000955121
657.3	-0.001049322
657.53	-0.001593572
657.76	-0.002373974
657.99	-0.001331559
658.22	0.002273704
658.46	-3.49556E-05
658.69	0.001353317
658.92	0.00145018
659.15	-0.002262694
659.39	-0.002714761
659.62	-0.000809841
659.85	0.001385561
660.08	-0.000680696
660.32	-0.001939864
660.55	-0.000971282
660.78	0.00057846
661.01	-0.002908486
661.25	-9.95491E-05
661.48	-0.000971282
661.71	-0.000551551
661.94	-0.000777558
662.18	-0.000357839
662.41	-0.003328178
662.64	-0.001003565
662.87	-0.000196411
663.11	-0.001520172
663.34	0.001288751
663.57	0.000546177
663.8	0.000933612
664.04	-0.000228694
664.27	-0.001229559
664.5	-0.001068131
664.73	-0.000164115
664.97	0.000643039
665.2	-0.000390122
665.43	0.003484153
665.67	-0.002456419
665.9	0.000255603
666.13	-0.000777558
666.36	-0.001713896
666.6	-0.000842137
666.83	0.001708522
667.06	-0.001907621
667.29	-0.001035848
667.53	0.000320169
667.76	0.001482423
667.99	-0.00087442
668.23	0.000191024
668.46	0.001353317
668.69	-0.000454702
668.92	9.41686E-05
669.16	-0.000938986
669.39	-0.001843002
669.62	0.001191902
669.86	-2.69051E-06
670.09	-0.001358691
670.32	0.000901316
670.55	-0.000131832
670.79	-0.001552416
671.02	-6.72635E-05
671.25	-0.002682387
671.49	0.00193449
671.72	-0.000196411
671.95	-0.00061613
672.18	-0.002359556
672.42	-0.000196411
672.65	-0.002101345
672.88	-0.000196411
673.12	-0.001617034
673.35	0.003096836
673.58	0.000546177
673.82	-0.001164993
674.05	0.001417936
674.28	-0.000906703
674.51	-0.004361287
674.75	0.000449314
674.98	-0.00113271
675.21	-0.000842137
675.45	0.001643904
675.68	-0.002133588
675.91	-0.003618764
676.15	-0.00029326
676.38	-0.000712992
676.61	-0.000938986
676.85	-0.001939864
677.08	-0.000228694
677.31	-0.000842137
677.54	-0.000777558
677.78	0.000901316
678.01	0.00225732
678.24	-0.00342504
678.48	-0.000486985
678.71	-0.002262694
678.94	-0.00087442
679.18	-0.000519268
679.41	0.000772184
679.64	0.001127323
679.88	-0.000164115
680.11	-0.001552416
680.34	-0.00061613
680.58	0.000126454
680.81	-0.00174614
681.04	-0.002940729
681.28	-0.000680696
681.51	0.000126454
681.74	-0.000809841
681.98	-0.004103075
682.21	-0.001972108
682.44	-0.001326448
682.68	0.001676148
682.91	-0.001649278
683.14	0.002289564
683.38	-0.003005348
683.61	-0.001390935
683.84	-3.49765E-05
684.08	-0.001003565
684.31	0.000126454
684.54	-0.001035848
684.78	-0.00029326
685.01	0.001224185
685.25	-0.000454702
685.48	-0.002198207
685.71	0.000191024
685.95	0.000739888
686.18	2.9596E-05
686.41	-0.000680696
686.65	-3.49765E-05
686.88	0.001288751
687.11	-0.00206897
687.35	-0.000454702
687.58	9.41686E-05
687.81	-0.000196411
688.05	-0.001681521
688.28	2.9596E-05
688.52	-0.002488662
688.75	0.001869872
688.98	6.18817E-05
689.22	-0.000777558
689.45	-0.000551551
689.68	0.000417031
689.92	-0.000938986
690.15	-0.003360422
690.38	-0.000809841
690.62	0.000287886
690.85	-0.001939864
691.09	0.000707605
691.32	-0.00087442
691.55	0.002451045
691.79	-0.003489658
692.02	0.000901316
692.25	0.000320169
692.49	-0.001487797
692.72	-0.000842137
692.96	0.000223307
693.19	-0.002391931
693.42	-0.001552416
693.66	-0.000390122
693.89	-0.002036726
694.12	-0.000454702
694.36	-0.002779249
694.59	-0.00061613
694.83	-0.001455554
695.06	0.000481598
695.29	-0.000131832
695.53	-3.49765E-05
695.76	-0.002262694
696	-3.49765E-05
696.23	0.000707605
696.46	0.002870737
696.7	0.000320169
696.93	-0.001455554
697.17	-0.002811623
697.4	-0.00087442
697.63	-0.000906703
697.87	-0.001100414
698.1	0.000869033
698.34	-0.001455554
698.57	-0.000325556
698.8	-0.001617034
699.04	-0.003166697
699.27	0.000191024
699.51	-0.000454702
699.74	0.00177301
699.97	-0.001713896
700.21	0.002418801
700.44	-2.69051E-06
700.68	-0.001100414
700.91	0.000772184
701.14	0.000384748
701.38	-0.000131832
701.61	0.001062757
701.85	0.000417031
702.08	-0.001100414
702.32	-0.000357839
702.55	-0.000842137
702.78	0.000158741
703.02	0.000707605
703.25	-0.001261855
703.49	9.41686E-05
703.72	-0.00142331
703.96	0.000255603
704.19	-0.002747005
704.42	-0.000583847
704.66	0.000255603
704.89	-0.001261855
705.13	0.000352452
705.36	-0.000777558
705.6	-0.001487797
705.83	-0.000131832
706.06	-0.000648413
706.3	2.9596E-05
706.53	-0.000777558
706.77	-0.000390122
707	-0.000777558
707.24	-9.95491E-05
707.47	-0.001326448
707.7	0.000191024
707.94	-0.002036726
708.17	0.000933612
708.41	-0.001843002
708.64	0.00057846
708.88	-0.000777558
709.11	0.001514798
709.35	-0.000938986
709.58	0.000320169
709.81	0.000287886
710.05	-0.000680696
710.28	-0.00206897
710.52	-0.00174614
710.75	0.000933612
710.99	0.000287886
711.22	-0.002133588
711.46	-0.000228694
711.69	-0.000519268
711.92	-0.000228694
712.16	-0.001003565
712.39	-0.002198207
712.63	-0.00113271
712.86	-0.000454702
713.1	-0.001487797
713.33	-0.002230451
713.57	-0.002488662
713.8	-0.000583847
714.04	-0.002133588
714.27	0.000126454
714.51	-0.000228694
714.74	-0.000422405
714.97	2.9596E-05
715.21	-0.000390122
715.44	-0.002424175
715.68	0.000546177
715.91	-0.001003565
716.15	0.000255603
716.38	-0.002004483
716.62	-0.00061613
716.85	-0.001875246
717.09	-6.72635E-05
717.32	-0.001035848
717.56	-0.002521037
717.79	0.000739888
718.03	-0.00310221
718.26	-0.003392796
718.5	6.18817E-05
718.73	-0.000648413
718.97	0.000449314
719.2	-0.000648413
719.44	-0.000454702
719.67	-0.000648413
719.91	-0.002101345
720.14	0.000255603
720.37	-0.000551551
720.61	0.00145018
720.84	-2.69051E-06
721.08	-0.001972108
721.31	0.001514798
721.55	-0.000196411
721.78	0.000901316
722.02	-0.001003565
722.25	-3.49765E-05
722.49	-0.001681521
722.72	0.001902247
722.96	-0.000454702
723.19	0.003096836
723.43	0.000126454
723.66	-0.002230451
723.9	0.000901316
724.13	0.00109504
724.37	-0.003618764
724.6	0.000223307
724.84	-0.001068131
725.07	0.000126454
725.31	-0.001455554
725.54	0.000384748
725.78	-0.000196411
726.01	0.000320169
726.25	-6.72635E-05
726.48	0.000772184
726.72	-0.001035848
726.96	-0.001584659
727.19	-0.002004483
727.43	-0.000712992
727.66	0.001159606
727.9	0.000320169
728.13	0.008456235
728.37	-0.001035848
728.6	-0.003263559
728.84	0.001385561
729.07	-0.000842137
729.31	6.18817E-05
729.54	-0.00206897
729.78	0.001159606
730.01	0.000158741
730.25	-0.002876111
730.48	-0.001326448
730.72	-0.000551551
730.95	-0.002521037
731.19	-0.00206897
731.42	0.000287886
731.66	-0.001617034
731.89	-0.002133588
732.13	-0.000583847
732.37	-0.001972108
732.6	-0.000390122
732.84	-0.002488662
733.07	-0.000551551
733.31	-0.001713896
733.54	0.000643039
733.78	-0.002843867
734.01	-0.003263559
734.25	-0.000454702
734.48	0.000610743
734.72	-0.00061613
734.95	0.002903112
735.19	-0.000551551
735.43	-0.001810758
735.66	0.001353317
735.9	-0.000712992
736.13	-0.001035848
736.37	0.000901316
736.6	-0.001681521
736.84	-0.00113271
737.07	-0.000777558
737.31	-0.001294138
737.55	-0.000357839
737.78	6.18817E-05
738.02	-0.000712992
738.25	-0.000131832
738.49	-0.001261855
738.72	0.000869033
738.96	-3.49765E-05
739.19	0.000255603
739.43	-0.002133588
739.67	0.000965895
739.9	0.00109504
740.14	0.000610743
740.37	-0.002327313
740.61	-0.001713896
740.84	-0.000131832
741.08	0.001353317
741.31	-0.000648413
741.55	-0.002036726
741.79	-0.001229559
742.02	0.001288751
742.26	0.000255603
742.49	-0.000809841
742.73	-0.000164115
742.96	0.001643904
743.2	6.18817E-05
743.44	-9.95491E-05
743.67	-0.002908486
743.91	-0.000777558
744.14	-0.003263559
744.38	-0.000131832
744.61	-0.000228694
744.85	-0.002585524
745.09	0.000223307
745.32	-0.001261855
745.56	-0.001487797
745.79	9.41686E-05
746.03	-0.001584659
746.27	0.00057846
746.5	-0.000680696
746.74	0.000546177
746.97	0.001837628
747.21	-0.001003565
747.44	-0.000164115
747.68	0.000126454
747.92	-0.00113271
748.15	0.000643039
748.39	-0.000712992
748.62	-0.001068131
748.86	-0.002682387
749.1	0.000320169
749.33	-0.000131832
749.57	-0.001939864
749.8	-0.003328178
750.04	-0.001261855
750.28	0.00177301
750.51	0.000384748
750.75	-0.001455554
750.98	0.000320169
751.22	-0.002165832
751.46	-0.000454702
751.69	-0.001939864
751.93	-0.002779249
752.16	0.000417031
752.4	-0.001681521
752.64	0.000772184
752.87	-0.000196411
753.11	-0.000357839
753.34	-0.002036726
753.58	-0.000325556
753.82	-0.000583847
754.05	0.001740766
754.29	-0.000971282
754.53	-0.001003565
754.76	-0.002295069
755	-0.000938986
755.23	-0.003876976
755.47	0.000869033
755.71	0.000158741
755.94	-0.001681521
756.18	0.000384748
756.41	-0.000422405
756.65	-0.000842137
756.89	0.000481598
757.12	-0.001294138
757.36	0.000707605
757.6	-0.000325556
757.83	-3.49765E-05
758.07	0.000739888
758.3	0.000546177
758.54	-0.000938986
758.78	-0.000519268
759.01	-0.001197276
759.25	-0.002165832
759.49	-0.001294138
759.72	0.002418801
759.96	0.000158741
760.2	-0.000390122
760.43	0.001514798
760.67	0.000320169
760.9	-0.000648413
761.14	-0.000583847
761.38	-0.001390935
761.61	-0.00061613
761.85	-0.000809841
762.09	0.001805384
762.32	0.00109504
762.56	-0.001907621
762.8	-0.001261855
763.03	-0.000454702
763.27	-0.001229559
763.5	0.00083675
763.74	-0.00174614
763.98	-0.000971282
764.21	-0.001164993
764.45	-3.49765E-05
764.69	-0.001261855
764.92	-0.000357839
765.16	-0.001907621
765.4	-0.000196411
765.63	-0.001261855
765.87	-0.001584659
766.11	-0.000131832
766.34	0.000675322
766.58	-0.000422405
766.82	0.001127323
767.05	0.000739888
767.29	0.002515663
767.53	-0.001068131
767.76	0.000417031
768	-0.000938986
768.24	0.000126454
768.47	-0.002521037
768.71	0.000933612
768.95	-0.000454702
769.18	-0.001068131
769.42	0.002095971
769.66	-0.000486985
769.89	-0.000260977
770.13	-0.000454702
770.37	-0.002456419
770.6	-6.72635E-05
770.84	0.001740766
771.08	-0.000164115
771.31	-0.000131832
771.55	0.001224185
771.79	-0.001164993
772.02	-0.001035848
772.26	-0.001003565
772.5	0.002192833
772.73	-0.000680696
772.97	-0.000454702
773.21	0.000191024
773.44	0.00280625
773.68	-0.000196411
773.92	0.001999109
774.15	-0.000131832
774.39	-0.000164115
774.63	-0.000906703
774.86	9.41686E-05
775.1	-0.000454702
775.34	-0.001326448
775.57	0.000675322
775.81	0.001353317
776.05	-0.000519268
776.29	0.000513894
776.52	0.002289564
776.76	0.00145018
777	-0.001681521
777.23	-0.00087442
777.47	-0.000551551
777.71	0.000320169
777.94	-0.001164993
778.18	-0.000777558
778.42	-0.002327313
778.65	-0.000486985
778.89	-0.000422405
779.13	-0.00061613
779.37	-0.003715626
779.6	-0.002876111
779.84	-0.000260977
780.08	-0.001939864
780.31	0.001482423
780.55	0.000643039
780.79	-0.002036726
781.02	-0.00310221
781.26	-0.000164115
781.5	0.000417031
781.74	-0.003134454
781.97	-0.000325556
782.21	0.000158741
782.45	-0.000519268
782.68	-0.003392796
782.92	-0.00087442
783.16	-0.00061613
783.4	-0.00029326
783.63	0.001837628
783.87	0.000352452
784.11	-0.002004483
784.34	-0.000357839
784.58	-0.001358691
784.82	-0.001294138
785.06	0.000449314
785.29	0.001579285
785.53	-0.000260977
785.77	0.002709387
786	-0.000260977
786.24	-0.001100414
786.48	-0.000422405
786.72	-0.000809841
786.95	-0.000325556
787.19	-0.001261855
787.43	-0.001487797
787.67	-0.002101345
787.9	-0.001455554
788.14	0.00161166
788.38	0.000223307
788.61	-0.000809841
788.85	-0.002133588
789.09	-0.001068131
789.33	-0.000680696
789.56	-0.000712992
789.8	-0.002391931
790.04	0.002451045
790.28	-0.002585524
790.51	-0.000196411
790.75	-0.001520172
790.99	-0.000519268
791.23	-0.001713896
791.46	-0.001810758
791.7	-0.001294138
791.94	-0.002036726
792.17	-0.001681521
792.41	0.001869872
792.65	-0.000712992
792.89	0.000481598
793.12	0.002741631
793.36	-0.002165832
793.6	-0.001681521
793.84	-0.001455554
794.07	-0.001584659
794.31	-0.001358691
794.55	-0.002650143
794.79	-0.000260977
795.02	-0.001939864
795.26	-0.001649278
795.5	0.00109504
795.74	0.003193698
795.97	-0.00061613
796.21	-0.000680696
796.45	-0.000583847
796.69	-0.000745275
796.92	0.000675322
797.16	0.000417031
797.4	-0.001939864
797.64	-0.001326448
797.88	-0.000357839
798.11	-0.00174614
798.35	-0.000777558
798.59	0.000901316
798.83	-0.001552416
799.06	-0.000809841
799.3	0.000675322
799.54	9.41686E-05
799.78	-0.001972108
800.01	0.000804467
800.25	6.18817E-05
800.49	0.000191024
800.73	-6.72635E-05
800.96	-0.002165832
801.2	-0.001003565
801.44	0.001256468
801.68	-0.001261855
801.92	-0.002779249
802.15	-0.001068131
802.39	0.00109504
802.63	-0.003521902
802.87	0.000255603
803.1	0.000287886
803.34	-0.00029326
803.58	-0.002876111
803.82	0.000739888
804.06	-0.002843867
804.29	0.000320169
804.53	0.00145018
804.77	0.000772184
805.01	-0.003941594
805.24	0.001030461
805.48	0.000126454
805.72	-0.000196411
805.96	0.000352452
806.2	-9.95491E-05
806.43	0.000320169
806.67	0.000933612
806.91	-0.000196411
807.15	-6.72635E-05
807.39	-0.002714761
807.62	-0.002391931
807.86	-2.69051E-06
808.1	-6.72635E-05
808.34	-0.003780114
808.58	-0.002617899
808.81	0.000643039
809.05	0.001353317
809.29	-0.002391931
809.53	0.002515663
809.76	-0.000648413
810	0.000643039
810.24	-0.000131832
810.48	0.001869872
810.72	-0.001778384
810.95	-0.000390122
811.19	-0.000680696
811.43	0.001159606
811.67	-0.003166697
811.91	0.00145018
812.15	-3.49765E-05
812.38	0.001062757
812.62	-0.003134454
812.86	-0.000971282
813.1	-0.001939864
813.34	0.000126454
813.57	-0.001778384
813.81	0.001224185
814.05	0.000869033
814.29	-0.002165832
814.53	0.001417936
814.76	-0.001197276
815	0.000287886
815.24	0.002935355
815.48	-0.001907621
815.72	0.001127323
815.95	-0.001326448
816.19	-0.002004483
816.43	-0.00113271
816.67	0.000320169
816.91	0.000417031
817.15	-0.001164993
817.38	0.001224185
817.62	-0.000196411
817.86	9.41686E-05
818.1	0.000255603
818.34	0.000255603
818.58	-0.00113271
818.81	0.000287886
819.05	0.000965895
819.29	0.001353317
819.53	-0.002101345
819.77	0.000513894
820	-0.001197276
820.24	-0.001487797
820.48	-0.000809841
820.72	6.18817E-05
820.96	0.001288751
821.2	0.001869872
821.43	-0.000131832
821.67	0.00083675
821.91	-0.000583847
822.15	-0.002101345
822.39	-0.001229559
822.63	0.00109504
822.86	-0.000164115
823.1	2.9596E-05
823.34	-0.001035848
823.58	2.9596E-05
823.82	0.000126454
824.06	0.000384748
824.3	0.000158741
824.53	0.001514798
824.77	-0.001390935
825.01	-0.001778384
825.25	-0.000519268
825.49	0.000707605
825.73	-0.002876111
825.96	-0.000906703
826.2	-0.000551551
826.44	0.000804467
826.68	0.000158741
826.92	-0.001035848
827.16	-0.000519268
827.4	0.00145018
827.63	-0.001358691
827.87	-0.002036726
828.11	-0.002585524
828.35	-0.000648413
828.59	0.000384748
828.83	-3.49765E-05
829.07	-0.000260977
829.3	-0.000906703
829.54	0.000772184
829.78	0.000158741
830.02	-0.000519268
830.26	-0.001326448
830.5	-0.000422405
830.74	-0.000777558
830.97	0.001869872
831.21	2.9596E-05
831.45	0.000675322
831.69	-0.000422405
831.93	-0.00061613
832.17	-0.001455554
832.41	-0.00087442
832.64	2.9596E-05
832.88	-0.002359556
833.12	0.00145018
833.36	0.000223307
833.6	-0.002650143
833.84	-9.95491E-05
834.08	-0.00061613
834.32	0.001514798
834.55	0.000287886
834.79	-0.000357839
835.03	-0.003489658
835.27	0.000126454
835.51	9.41686E-05
835.75	-0.000971282
835.99	-0.00029326
836.23	-0.00087442
836.46	-0.000422405
836.7	-0.000583847
836.94	0.001740766
837.18	0.001417936
837.42	-0.00142331
837.66	-0.001681521
837.9	0.000933612
838.14	-0.000583847
838.38	-0.001326448
838.61	-0.001455554
838.85	-0.000551551
839.09	-0.001875246
839.33	-0.001939864
839.57	-0.00206897
839.81	0.001127323
840.05	-0.001164993
840.29	-0.000583847
840.52	-0.003618764
840.76	-0.000809841
841	-0.001068131
841.24	-0.000228694
841.48	-0.003263559
841.72	0.000739888
841.96	-2.69051E-06
842.2	-0.001907621
842.44	-0.000357839
842.68	-0.000454702
842.91	0.000481598
843.15	0.002903112
843.39	-0.001100414
843.63	6.18817E-05
843.87	-0.000551551
844.11	-0.001681521
844.35	0.001417936
844.59	0.000772184
844.83	-0.00113271
845.07	-0.001294138
845.3	-0.000745275
845.54	0.00109504
845.78	0.001676148
846.02	0.000610743
846.26	0.001514798
846.5	-0.000390122
846.74	-0.002521037
846.98	-0.000260977
847.22	0.000255603
847.46	0.001256468
847.7	0.000449314
847.93	-0.000519268
848.17	-0.000260977
848.41	-0.001197276
848.65	-0.001035848
848.89	-0.000712992
849.13	-0.002359556
849.37	0.000223307
849.61	6.18817E-05
849.85	0.000481598
850.09	-0.001972108
850.33	0.000610743
850.57	-0.000777558
850.8	-0.000842137
851.04	0.002095971
851.28	0.000481598
851.52	-0.000196411
851.76	-3.49765E-05
852	-0.002327313
852.24	0.000449314
852.48	-0.000971282
852.72	-2.69051E-06
852.96	-0.002391931
853.2	-0.000357839
853.44	-0.001326448
853.68	-0.000583847
853.91	-0.001261855
854.15	-0.000519268
854.39	-0.001875246
854.63	0.001030461
854.87	-0.001100414
855.11	0.00193449
855.35	-0.001261855
855.59	0.001191902
855.83	-0.000519268
856.07	0.001643904
856.31	0.000998178
856.55	0.002289564
856.79	-0.002682387
857.03	0.002354183
857.27	0.000223307
857.5	0.00145018
857.74	-0.00061613
857.98	-0.002940729
858.22	0.001353317
858.46	-0.001617034
858.7	-0.002133588
858.94	-0.000422405
859.18	-0.002198207
859.42	-0.000325556
859.66	-3.49765E-05
859.9	-0.001294138
860.14	-0.001617034
860.38	-0.002327313
860.62	-0.001326448
860.86	-0.000842137
861.1	0.00109504
861.34	0.000352452
861.58	-0.001035848
861.81	-0.001229559
862.05	0.000223307
862.29	-0.002617899
862.53	-0.00174614
862.77	0.001579285
863.01	0.001062757
863.25	0.000352452
863.49	0.000643039
863.73	0.000901316
863.97	-0.001552416
864.21	-0.000648413
864.45	-0.002036726
864.69	-0.000583847
864.93	-0.000519268
865.17	-0.002972973
865.41	-0.001294138
865.65	-0.000745275
865.89	-0.000454702
866.13	0.00193449
866.37	-0.001229559
866.61	0.000772184
866.85	0.000933612
867.09	-0.000971282
867.32	6.18817E-05
867.56	-0.000842137
867.8	-0.001229559
868.04	-2.69051E-06
868.28	-0.001197276
868.52	-0.001520172
868.76	-0.000325556
869	0.000481598
869.24	-0.00174614
869.48	-0.000551551
869.72	-0.001810758
869.96	-0.000938986
870.2	-0.001390935
870.44	0.000255603
870.68	0.001191902
870.92	9.41686E-05
871.16	-0.001035848
871.4	0.000481598
871.64	-0.000971282
871.88	-0.001229559
872.12	-0.002521037
872.36	0.001159606
872.6	-0.002456419
872.84	0.00161166
873.08	-0.002779249
873.32	0.001547042
873.56	-0.001003565
873.8	0.001224185
874.04	-0.002940729
874.28	0.000965895
874.52	-0.001487797
874.76	-0.002198207
875	0.001062757
875.24	-0.002359556
875.48	-0.000777558
875.72	0.002547907
875.96	-0.000357839
876.2	0.000546177
876.44	9.41686E-05
876.68	-9.95491E-05
876.92	-0.000390122
877.16	-0.002036726
877.4	0.001256468
877.64	-0.002295069
877.88	-0.001907621
878.12	2.9596E-05
878.36	0.000126454
878.6	-0.00174614
878.84	-0.001875246
879.08	-0.000842137
879.32	0.002451045
879.56	-0.000454702
879.8	-0.00113271
880.04	9.41686E-05
880.28	0.001547042
880.52	-0.000260977
880.76	-0.001100414
881	-0.002327313
881.24	-0.001197276
881.48	-0.000422405
881.72	0.000191024
881.96	-0.001261855
882.2	0.00109504
882.44	-0.000131832
882.68	-0.00061613
882.92	-0.005007078
883.16	-0.000648413
883.4	-0.000777558
883.64	0.000869033
883.88	-0.000906703
884.12	0.003064461
884.36	-0.001229559
884.6	-0.003005348
884.84	-0.001713896
885.08	-0.000519268
885.32	-0.001164993
885.56	-0.000712992
885.8	-0.000648413
886.04	0.000772184
886.28	-0.003005348
886.52	0.000675322
886.76	-0.000906703
887	0.000158741
887.24	-0.000648413
887.48	0.00161166
887.72	-0.001778384
887.96	9.41686E-05
888.2	-0.002133588
888.44	0.001902247
888.68	-0.001617034
888.92	0.000287886
889.16	-0.001358691
889.4	0.001482423
889.64	0.001353317
889.88	0.000384748
890.12	-0.000422405
890.36	-0.000164115
890.6	-0.001713896
890.84	-0.001649278
891.08	-0.001649278
891.32	0.001159606
891.56	-0.002843867
891.8	9.41686E-05
892.04	0.001062757
892.28	0.002063596
892.52	0.000965895
892.76	-0.001584659
893	-0.000519268
893.24	-0.002198207
893.48	-0.001520172
893.73	-0.000196411
893.97	-0.000519268
894.21	0.002870737
894.45	0.002225077
894.69	-0.001584659
894.93	0.000933612
895.17	-9.95491E-05
895.41	-0.000260977
895.65	0.000417031
895.89	-0.000712992
896.13	-9.95491E-05
896.37	-0.000454702
896.61	-0.000680696
896.85	-0.003392796
897.09	-0.000648413
897.33	-0.001487797
897.57	0.00145018
897.81	-0.003941594
898.05	2.9596E-05
898.29	-0.001681521
898.53	0.000772184
898.77	0.000965895
899.01	-0.001487797
899.25	-0.001068131
899.5	-0.000131832
899.74	-0.002004483
899.98	0.00145018
900.22	-0.00061613
900.46	-0.000131832
900.7	0.000481598
900.94	0.000449314
901.18	0.001643904
901.42	-0.000842137
901.66	0.000384748
901.9	-0.000551551
902.14	-9.95491E-05
902.38	-2.69051E-06
902.62	-0.001681521
902.86	-0.001068131
903.1	0.000772184
903.34	-0.000777558
903.58	-0.000938986
903.82	0.001805384
904.07	0.001482423
904.31	0.001514798
904.55	-3.49765E-05
904.79	-2.69051E-06
905.03	0.003064461
905.27	-3.49765E-05
905.51	0.000320169
905.75	-0.000842137
905.99	0.001869872
906.23	0.000643039
906.47	0.000869033
906.71	0.001030461
906.95	-0.00113271
907.19	0.001224185
907.43	-0.000842137
907.68	0.003193698
907.92	-0.000196411
908.16	-0.002424175
908.4	0.000481598
908.64	0.000869033
908.88	0.000255603
909.12	0.001224185
909.36	6.18817E-05
909.6	-0.00142331
909.84	0.000191024
910.08	-0.001100414
910.32	-0.001552416
910.56	-0.000971282
910.8	0.000384748
911.05	0.001805384
911.29	0.00312908
911.53	0.001288751
911.77	-0.001649278
912.01	-0.001035848
912.25	6.18817E-05
912.49	-0.000390122
912.73	0.00109504
912.97	-0.000390122
913.21	-0.003037591
913.45	-0.000583847
913.69	-0.000260977
913.93	-0.001003565
914.18	-0.001358691
914.42	-0.000260977
914.66	0.00083675
914.9	-0.001390935
915.14	0.00057846
915.38	0.002515663
915.62	-0.00174614
915.86	-0.00087442
916.1	-0.001520172
916.34	-0.002876111
916.58	-0.000164115
916.83	-0.001939864
917.07	0.000546177
917.31	-3.49765E-05
917.55	-0.001294138
917.79	-0.000131832
918.03	-0.001229559
918.27	-0.001390935
918.51	-0.00142331
918.75	0.001385561
918.99	-0.001713896
919.23	0.000739888
919.48	0.000223307
919.72	-0.000938986
919.96	-0.000648413
920.2	-0.00113271
920.44	-0.000454702
920.68	0.000675322
920.92	-3.49765E-05
921.16	0.001708522
921.4	-0.001326448
921.64	0.001579285
921.89	-0.00029326
922.13	0.000546177
922.37	0.000804467
922.61	-0.001843002
922.85	-0.001810758
923.09	0.002483288
923.33	-0.001294138
923.57	0.002063596
923.81	-0.002198207
924.05	-0.001358691
924.3	-0.001939864
924.54	-0.001261855
924.78	0.00109504
925.02	-0.000971282
925.26	-0.000809841
925.5	-0.000131832
925.74	0.000223307
925.98	0.000998178
926.22	0.000417031
926.47	0.001579285
926.71	-0.001326448
926.95	-0.001003565
927.19	0.000643039
927.43	-0.001326448
927.67	0.001321074
927.91	-6.72635E-05
928.15	-0.00061613
928.4	-0.001294138
928.64	-0.003231316
928.88	0.002483288
929.12	-0.001713896
929.36	-0.001003565
929.6	-0.000519268
929.84	-2.69051E-06
930.08	-0.002036726
930.32	0.001837628
930.57	-0.001681521
930.81	0.001547042
931.05	-0.001520172
931.29	-0.002682387
931.53	-3.49765E-05
931.77	0.001256468
932.01	0.000126454
932.25	0.000513894
932.5	-0.000131832
932.74	0.001740766
932.98	-0.001229559
933.22	-0.000390122
933.46	-0.001003565
933.7	-0.002682387
933.94	0.001191902
934.18	-0.000583847
934.43	-0.00206897
934.67	-0.001035848
934.91	0.000287886
935.15	-0.000164115
935.39	-0.002585524
935.63	-0.002585524
935.87	0.001062757
936.12	-0.001261855
936.36	-0.000486985
936.6	-0.002779249
936.84	-0.000228694
937.08	-9.95491E-05
937.32	0.000287886
937.56	-0.001972108
937.8	0.001191902
938.05	-0.000228694
938.29	0.000158741
938.53	0.001127323
938.77	0.000901316
939.01	9.41686E-05
939.25	0.000643039
939.49	-0.00029326
939.74	0.001966734
939.98	-0.000777558
940.22	0.000513894
940.46	-0.002165832
940.7	-0.001164993
940.94	-0.002295069
941.18	-0.00142331
941.43	-9.95491E-05
941.67	0.000739888
941.91	-0.002617899
942.15	0.000223307
942.39	0.000772184
942.63	0.000546177
942.87	-0.002036726
943.12	0.001256468
943.36	0.000513894
943.6	-0.000519268
943.84	0.000643039
944.08	-0.000486985
944.32	-0.002779249
944.57	-0.000164115
944.81	-0.000260977
945.05	0.000546177
945.29	0.001321074
945.53	0.000191024
945.77	-0.000164115
946.01	-0.000648413
946.26	-0.000680696
946.5	0.000126454
946.74	-0.002940729
946.98	0.000126454
947.22	-0.001294138
947.46	0.001288751
947.71	-0.002488662
947.95	2.9596E-05
948.19	-0.00113271
948.43	0.000255603
948.67	-0.001778384
948.91	-0.000583847
949.16	0.001837628
949.4	0.00193449
949.64	-0.001068131
949.88	0.00258015
950.12	-0.002036726
950.36	9.41686E-05
950.61	9.41686E-05
950.85	-9.95491E-05
951.09	6.18817E-05
951.33	9.41686E-05
951.57	-0.001003565
951.81	0.001256468
952.06	0.001579285
952.3	0.000933612
952.54	-0.000551551
952.78	0.000933612
953.02	-0.002327313
953.26	-0.002488662
953.51	-6.72635E-05
953.75	-0.000712992
953.99	0.001288751
954.23	0.001482423
954.47	-0.001810758
954.71	0.000965895
954.96	-0.000938986
955.2	-0.000745275
955.44	0.000320169
955.68	2.9596E-05
955.92	-0.00087442
956.16	-0.001326448
956.41	-0.002391931
956.65	-0.001520172
956.89	-0.000745275
957.13	0.00057846
957.37	-0.002133588
957.62	0.000158741
957.86	-0.000583847
958.1	0.001417936
958.34	-0.002424175
958.58	-0.001035848
958.82	-0.001843002
959.07	0.000191024
959.31	0.000481598
959.55	0.00109504
959.79	0.000513894
960.03	9.41686E-05
960.28	-2.69051E-06
960.52	-0.001003565
960.76	6.18817E-05
961	0.000158741
961.24	-0.001197276
961.48	-2.69051E-06
961.73	-0.001390935
961.97	0.001579285
962.21	0.000255603
962.45	0.002547907
962.69	0.000933612
962.94	0.000707605
963.18	0.001288751
963.42	0.000126454
963.66	-0.00087442
963.9	0.000707605
964.15	0.001547042
964.39	-0.00087442
964.63	-0.003328178
964.87	-3.49765E-05
965.11	-0.000809841
965.36	-0.002101345
965.6	0.000352452
965.84	0.000513894
966.08	-0.00174614
966.32	0.002063596
966.57	-0.000648413
966.81	0.001805384
967.05	-0.001358691
967.29	0.000417031
967.53	-0.000906703
967.77	-0.000196411
968.02	-0.002165832
968.26	-0.001261855
968.5	-0.001907621
968.74	-0.001035848
968.99	0.000804467
969.23	-3.49765E-05
969.47	-0.001455554
969.71	0.001676148
969.95	-0.00029326
970.2	-0.000745275
970.44	-0.002036726
970.68	-0.000260977
970.92	0.000481598
971.16	0.000739888
971.41	0.000417031
971.65	-0.000842137
971.89	0.000191024
972.13	0.001159606
972.37	-0.000454702
972.62	-2.69051E-06
972.86	-0.001907621
973.1	-0.000745275
973.34	-0.002456419
973.58	-0.001003565
973.83	-0.000164115
974.07	0.00057846
974.31	-0.001713896
974.55	0.002160458
974.8	0.00057846
975.04	0.000965895
975.28	0.000449314
975.52	-0.000260977
975.76	0.001708522
976.01	-0.000971282
976.25	-0.00029326
976.49	-0.001713896
976.73	0.000965895
976.97	0.002031352
977.22	-0.001584659
977.46	-0.000680696
977.7	-0.001843002
977.94	-0.001164993
978.19	0.00109504
978.43	0.002321939
978.67	0.000223307
978.91	0.00057846
979.15	-0.000164115
979.4	-0.001810758
979.64	-0.001100414
979.88	0.000772184
980.12	0.001030461
980.37	0.001482423
980.61	0.000513894
980.85	0.000675322
981.09	-0.000325556
981.33	-0.002004483
981.58	0.000643039
981.82	-0.000680696
982.06	-0.001520172
982.3	0.000772184
982.55	-0.00087442
982.79	-0.000228694
983.03	-0.000357839
983.27	0.001708522
983.52	0.000739888
983.76	0.001256468
984	-0.000454702
984.24	0.001643904
984.48	0.000158741
984.73	0.00258015
984.97	-0.002327313
985.21	0.000901316
985.45	-0.001520172
985.7	0.000320169
985.94	-0.000938986
986.18	0.000675322
986.42	0.000481598
986.67	-2.69051E-06
986.91	-0.002972973
987.15	0.000707605
987.39	0.000449314
987.63	0.001191902
987.88	0.002031352
988.12	-0.00113271
988.36	0.001256468
988.6	0.000417031
988.85	-0.000971282
989.09	0.000417031
989.33	-0.001584659
989.57	0.00258015
989.82	0.000643039
990.06	0.001127323
990.3	-0.001390935
990.54	0.001902247
990.79	-0.001100414
991.03	0.000610743
991.27	2.9596E-05
991.51	0.000772184
991.76	0.000191024
992	-0.001713896
992.24	-2.69051E-06
992.48	0.001547042
992.73	-9.95491E-05
992.97	0.000643039
993.21	-0.002876111
993.45	0.000772184
993.7	0.000933612
993.94	0.00529229
994.18	-0.000712992
994.42	0.00109504
994.67	0.000804467
994.91	0.00225732
995.15	0.001159606
995.39	0.001643904
995.64	-0.00029326
995.88	0.001482423
996.12	-0.001907621
996.36	-0.000583847
996.61	0.000384748
996.85	0.00057846
997.09	0.000610743
997.33	-0.000971282
997.58	-0.000842137
997.82	0.000481598
998.06	-0.001197276
998.3	9.41686E-05
998.55	-0.002262694
998.79	-0.001520172
999.03	-0.000745275
999.27	-0.000906703
999.52	0.001579285
999.76	0.000998178
1000	0.000320169
1000.2	-0.000583847
1000.5	0.001676148
1000.7	-0.002585524
1001	-6.72635E-05
1001.2	-0.001455554
1001.5	-0.000325556
1001.7	-0.000519268
1001.9	0.001579285
1002.2	-0.001229559
1002.4	-0.000906703
1002.7	0.000417031
1002.9	-0.000131832
1003.2	-0.002521037
1003.4	0.003096836
1003.6	-0.000809841
1003.9	-0.001100414
1004.1	-0.002617899
1004.4	0.000255603
1004.6	-0.000196411
1004.9	0.001256468
1005.1	-0.001390935
1005.3	0.00083675
1005.6	-0.002779249
1005.8	-0.001035848
1006.1	0.001547042
1006.3	0.001062757
1006.6	-0.001068131
1006.8	0.002031352
1007	0.000933612
1007.3	0.001579285
1007.5	0.001547042
1007.8	-0.000131832
1008	-0.000583847
1008.3	-0.00087442
1008.5	-0.003489658
1008.7	0.000255603
1009	-0.000551551
1009.2	0.001062757
1009.5	0.00057846
1009.7	-0.000325556
1010	-0.00029326
1010.2	0.001256468
1010.4	0.000352452
1010.7	-0.000842137
1010.9	0.000643039
1011.2	0.000320169
1011.4	-0.000906703
1011.7	-3.49765E-05
1011.9	-0.000228694
1012.1	-0.000228694
1012.4	-0.001617034
1012.6	-0.000260977
1012.9	0.001191902
1013.1	0.003032217
1013.4	9.41686E-05
1013.6	0.002903112
1013.8	-0.001875246
1014.1	-0.001907621
1014.3	0.00057846
1014.6	0.000417031
1014.8	-0.001003565
1015.1	0.002451045
1015.3	-0.004135319
1015.5	2.9596E-05
1015.8	-0.002359556
1016	0.001353317
1016.3	-0.000390122
1016.5	0.001224185
1016.8	-0.001487797
1017	0.000158741
1017.2	-0.001358691
1017.5	0.001676148
1017.7	-0.001100414
1018	0.000965895
1018.2	-0.001390935
1018.5	0.00145018
1018.7	-2.69051E-06
1018.9	0.002418801
1019.2	-3.49765E-05
1019.4	0.002483288
1019.7	-0.000390122
1019.9	-0.001584659
1020.2	0.00083675
1020.4	0.001321074
1020.6	-0.003263559
1020.9	-0.003554146
1021.1	-0.00542677
1021.4	-0.002295069
1021.6	-0.002650143
1021.9	-0.00113271