WAVELENGTH	NORM_INTENSITY
320.256863	1.13946E-05
320.3655559	1.06919E-05
320.474255	1.10667E-05
320.5829603	9.42718E-06
320.6916719	8.12728E-06
320.8003897	7.20213E-06
320.9091138	7.85793E-06
321.0178441	7.68227E-06
321.1265806	7.43635E-06
321.2353233	8.12728E-06
321.3440723	7.4949E-06
321.4528275	7.41292E-06
321.5615889	7.03818E-06
321.6703565	8.64256E-06
321.7791304	9.32178E-06
321.8879104	1.02586E-05
321.9966967	1.00596E-05
322.1054892	1.02001E-05
322.2142879	1.06334E-05
322.3230929	9.75508E-06
322.431904	1.00127E-05
322.5407213	9.19296E-06
322.6495449	9.73166E-06
322.7583746	9.76679E-06
322.8672106	8.86506E-06
322.9760527	8.34979E-06
323.0849011	7.02647E-06
323.1937556	6.3004E-06
323.3026164	5.9725E-06
323.4114833	6.93278E-06
323.5203565	8.66598E-06
323.6292358	8.85335E-06
323.7381213	7.90478E-06
323.8470131	7.74083E-06
323.955911	8.78308E-06
324.0648151	1.0083E-05
324.1737253	1.04109E-05
324.2826418	1.06919E-05
324.3915644	1.1863E-05
324.5004933	1.13126E-05
324.6094283	1.19216E-05
324.7183694	1.08793E-05
324.8273168	1.14297E-05
324.9362703	1.02821E-05
325.04523	1.11487E-05
325.1541959	1.0001E-05
325.2631679	9.70824E-06
325.3721461	7.4949E-06
325.4811305	7.20213E-06
325.5901211	6.60488E-06
325.6991178	6.18329E-06
325.8081206	6.44093E-06
325.9171296	7.12015E-06
326.0261448	8.584E-06
326.1351662	1.04226E-05
326.2441937	1.00361E-05
326.3532273	9.6731E-06
326.4622671	9.43889E-06
326.5713131	1.10081E-05
326.6803652	1.11838E-05
326.7894234	1.14766E-05
326.8984878	1.12072E-05
327.0075584	1.16405E-05
327.1166351	1.03289E-05
327.2257179	1.06802E-05
327.3348069	8.74795E-06
327.443902	9.02901E-06
327.5530032	8.09215E-06
327.6621106	9.97758E-06
327.7712241	9.13441E-06
327.8803438	9.70824E-06
327.9894696	8.94704E-06
328.0986015	9.75508E-06
328.2077395	9.15783E-06
328.3168837	1.02001E-05
328.426034	1.11721E-05
328.5351904	1.20035E-05
328.6443529	1.1336E-05
328.7535216	1.08559E-05
328.8626963	1.04929E-05
328.9718772	1.14766E-05
329.0810642	1.08793E-05
329.1902574	1.00127E-05
329.2994566	9.07585E-06
329.4086619	9.81363E-06
329.5178734	1.06568E-05
329.6270909	1.1336E-05
329.7363146	1.03875E-05
329.8455444	1.02586E-05
329.9547803	9.32178E-06
330.0640222	9.64968E-06
330.1732703	9.15783E-06
330.2825245	1.0083E-05
330.3917848	9.75508E-06
330.5010511	9.95416E-06
330.6103236	8.93533E-06
330.7196021	9.11099E-06
330.8288868	8.97046E-06
330.9381775	1.02469E-05
331.0474743	1.00127E-05
331.1567773	1.01181E-05
331.2660862	9.09928E-06
331.3754013	9.15783E-06
331.4847225	8.80651E-06
331.5940497	8.34979E-06
331.703383	9.52086E-06
331.8127224	9.35691E-06
331.9220679	8.72453E-06
332.0314194	8.61913E-06
332.1407771	8.29123E-06
332.2501408	8.86506E-06
332.3595105	7.96333E-06
332.4688863	9.05243E-06
332.5782682	8.93533E-06
332.6876562	9.35691E-06
332.7970502	8.43176E-06
332.9064503	1.00361E-05
333.0158564	9.91903E-06
333.1252686	1.15937E-05
333.2346869	1.08208E-05
333.3441112	1.08208E-05
333.4535416	1.02235E-05
333.562978	1.03406E-05
333.6724204	1.06919E-05
333.781869	1.09027E-05
333.8913235	9.91903E-06
334.0007841	8.74795E-06
334.1102508	8.584E-06
334.2197235	9.79021E-06
334.3292022	1.06568E-05
334.438687	1.14531E-05
334.5481778	9.95416E-06
334.6576747	9.83706E-06
334.7671776	8.12728E-06
334.8766865	1.01415E-05
334.9862015	9.09928E-06
335.0957225	1.02235E-05
335.2052495	8.70111E-06
335.3147825	1.02469E-05
335.4243216	9.62626E-06
335.5338667	1.0083E-05
335.6434178	9.60284E-06
335.752975	1.04226E-05
335.8625381	9.68482E-06
335.9721073	1.03055E-05
336.0816825	9.05243E-06
336.1912637	1.061E-05
336.3008509	8.74795E-06
336.4104442	8.72453E-06
336.5200434	8.06873E-06
336.6296487	9.32178E-06
336.7392599	9.15783E-06
336.8488772	9.6731E-06
336.9585005	9.89561E-06
337.0681298	1.11252E-05
337.1777651	1.16171E-05
337.2874063	1.10433E-05
337.3970536	1.07622E-05
337.5067069	1.01181E-05
337.6163662	1.07973E-05
337.7260314	1.06334E-05
337.8357027	1.10198E-05
337.9453799	1.00947E-05
338.0550632	9.81363E-06
338.1647524	9.02901E-06
338.2744476	9.73166E-06
338.3841488	9.68482E-06
338.493856	8.97046E-06
338.6035691	9.18125E-06
338.7132883	9.23981E-06
338.8230134	9.91903E-06
338.9327445	9.81363E-06
339.0424816	9.89561E-06
339.1522246	9.35691E-06
339.2619736	1.0165E-05
339.3717286	9.0173E-06
339.4814896	9.46231E-06
339.5912565	9.0173E-06
339.7010294	1.06568E-05
339.8108082	1.06568E-05
339.9205931	1.09262E-05
340.0303838	9.3452E-06
340.1401806	9.43889E-06
340.2499833	8.09215E-06
340.3597919	8.45518E-06
340.4696065	7.7174E-06
340.5794271	9.21638E-06
340.6892536	1.02001E-05
340.7990861	1.10198E-05
340.9089245	9.54429E-06
341.0187689	1.09847E-05
341.1286192	1.02469E-05
341.2384754	1.04694E-05
341.3483376	8.29123E-06
341.4582057	9.15783E-06
341.5680798	1.02235E-05
341.6779598	1.16171E-05
341.7878458	1.12306E-05
341.8977377	1.0528E-05
342.0076355	9.50915E-06
342.1175392	9.68482E-06
342.2274489	8.78308E-06
342.3373645	8.2561E-06
342.4472861	7.69398E-06
342.5572135	9.13441E-06
342.6671469	1.06802E-05
342.7770862	1.08793E-05
342.8870315	9.59113E-06
342.9969826	8.74795E-06
343.1069397	8.59571E-06
343.2169027	9.0173E-06
343.3268716	9.76679E-06
343.4368464	1.05983E-05
343.5468271	1.0001E-05
343.6568138	8.66598E-06
343.7668063	7.51832E-06
343.8768048	9.02901E-06
343.9868091	9.83706E-06
344.0968194	1.08208E-05
344.2068356	1.08442E-05
344.3168576	1.11838E-05
344.4268856	1.09613E-05
344.5369195	9.70824E-06
344.6469592	8.97046E-06
344.7570049	9.64968E-06
344.8670565	1.07973E-05
344.9771139	1.05748E-05
345.0871772	1.04694E-05
345.1972465	1.05514E-05
345.3073216	1.05163E-05
345.4174026	1.06568E-05
345.5274894	9.11099E-06
345.6375822	9.89561E-06
345.7476809	1.03875E-05
345.8577854	1.16171E-05
345.9678958	1.1781E-05
346.0780121	1.08208E-05
346.1881342	1.01415E-05
346.2982622	9.62626E-06
346.4083961	9.11099E-06
346.5185359	8.66598E-06
346.6286816	8.10386E-06
346.7388331	8.34979E-06
346.8489904	9.21638E-06
346.9591537	9.48573E-06
347.0693228	9.95416E-06
347.1794977	1.061E-05
347.2896786	1.07622E-05
347.3998652	1.04694E-05
347.5100578	8.93533E-06
347.6202562	9.43889E-06
347.7304604	9.59113E-06
347.8406705	1.12306E-05
347.9508864	1.10081E-05
348.0611082	1.04109E-05
348.1713359	9.26323E-06
348.2815694	8.99388E-06
348.3918087	9.11099E-06
348.5020539	9.40376E-06
348.6123049	8.88848E-06
348.7225617	8.66598E-06
348.8328244	8.97046E-06
348.943093	9.73166E-06
349.0533673	9.42718E-06
349.1636475	9.64968E-06
349.2739335	9.54429E-06
349.3842254	1.02821E-05
349.4945231	9.64968E-06
349.6048266	9.93074E-06
349.7151359	9.40376E-06
349.8254511	1.0083E-05
349.9357721	9.93074E-06
350.0460989	1.06568E-05
350.1564315	9.62626E-06
350.26677	9.48573E-06
350.3771142	8.56058E-06
350.4874643	9.59113E-06
350.5978202	1.03875E-05
350.7081819	1.22963E-05
350.8185494	1.17225E-05
350.9289227	1.13712E-05
351.0393019	9.43889E-06
351.1496868	1.0083E-05
351.2600775	9.75508E-06
351.3704741	1.11252E-05
351.4808764	9.64968E-06
351.5912846	1.00127E-05
351.7016985	9.97758E-06
351.8121182	9.91903E-06
351.9225438	9.68482E-06
352.0329751	9.32178E-06
352.1434122	1.01767E-05
352.2538551	8.99388E-06
352.3643038	8.12728E-06
352.4747583	8.34979E-06
352.5852186	8.78308E-06
352.6956846	1.07622E-05
352.8061564	9.50915E-06
352.9166341	1.01415E-05
353.0271175	8.78308E-06
353.1376066	1.04109E-05
353.2481016	9.52086E-06
353.3586023	1.03406E-05
353.4691088	9.81363E-06
353.5796211	1.10667E-05
353.6901391	1.09027E-05
353.8006629	1.0165E-05
353.9111925	9.13441E-06
354.0217278	8.67769E-06
354.1322689	9.32178E-06
354.2428158	1.01415E-05
354.3533684	1.06919E-05
354.4639268	1.12892E-05
354.5744909	1.00596E-05
354.6850608	1.06334E-05
354.7956365	9.40376E-06
354.9062179	1.11018E-05
355.0168051	9.75508E-06
355.127398	1.061E-05
355.2379966	9.21638E-06
355.348601	9.3452E-06
355.4592112	1.0364E-05
355.5698271	1.10198E-05
355.6804487	1.061E-05
355.7910761	9.35691E-06
355.9017092	8.97046E-06
356.0123481	8.86506E-06
356.1229926	9.35691E-06
356.233643	1.15585E-05
356.344299	1.08559E-05
356.4549608	1.061E-05
356.5656283	7.98675E-06
356.6763016	9.42718E-06
356.7869806	8.86506E-06
356.8976653	9.59113E-06
357.0083557	9.54429E-06
357.1190518	1.0165E-05
357.2297537	1.12892E-05
357.3404613	1.18279E-05
357.4511746	1.17225E-05
357.5618936	1.10433E-05
357.6726184	1.04929E-05
357.7833488	1.02235E-05
357.894085	9.50915E-06
358.0048268	8.82993E-06
358.1155744	9.26323E-06
358.2263277	1.04929E-05
358.3370867	1.00596E-05
358.4478514	1.0001E-05
358.5586218	8.17412E-06
358.6693979	8.67769E-06
358.7801797	8.4786E-06
358.8909672	9.68482E-06
359.0017604	1.01181E-05
359.1125592	1.01181E-05
359.2233638	1.00361E-05
359.3341741	9.93074E-06
359.44499	9.38033E-06
359.5558117	9.93074E-06
359.666639	1.00127E-05
359.777472	1.20855E-05
359.8883108	1.11487E-05
359.9991551	1.15937E-05
360.1100052	1.0083E-05
360.2208609	1.09262E-05
360.3317224	1.00361E-05
360.4425895	1.04109E-05
360.5534622	9.42718E-06
360.6643407	1.01181E-05
360.7752248	1.00361E-05
360.8861146	1.13946E-05
360.9970101	1.17459E-05
361.1079112	1.00596E-05
361.218818	8.86506E-06
361.3297304	8.31465E-06
361.4406485	8.51374E-06
361.5515723	8.42005E-06
361.6625017	9.05243E-06
361.7734368	1.17225E-05
361.8843776	1.17459E-05
361.995324	1.11721E-05
362.106276	9.32178E-06
362.2172337	9.48573E-06
362.3281971	9.29836E-06
362.4391661	1.10081E-05
362.5501408	1.03406E-05
362.6611211	1.0528E-05
362.772107	9.07585E-06
362.8830986	9.43889E-06
362.9940958	8.70111E-06
363.1050987	8.70111E-06
363.2161072	9.35691E-06
363.3271213	9.70824E-06
363.4381411	9.18125E-06
363.5491665	9.46231E-06
363.6601975	8.93533E-06
363.7712342	1.0001E-05
363.8822765	7.85793E-06
363.9933244	9.35691E-06
364.1043779	8.29123E-06
364.2154371	1.02001E-05
364.3265019	9.42718E-06
364.4375723	1.12892E-05
364.5486483	1.12306E-05
364.65973	1.13712E-05
364.7708172	1.06802E-05
364.8819101	9.93074E-06
364.9930086	9.87219E-06
365.1041127	9.56771E-06
365.2152224	9.43889E-06
365.3263377	9.38033E-06
365.4374587	9.05243E-06
365.5485852	1.00947E-05
365.6597173	1.01415E-05
365.7708551	1.04694E-05
365.8819984	9.29836E-06
365.9931473	9.95416E-06
366.1043019	9.18125E-06
366.215462	9.91903E-06
366.3266277	1.02001E-05
366.437799	1.10198E-05
366.5489759	1.0446E-05
366.6601584	8.12728E-06
366.7713465	7.96333E-06
366.8825402	7.35437E-06
366.9937395	8.1507E-06
367.1049443	8.61913E-06
367.2161547	9.73166E-06
367.3273707	1.08208E-05
367.4385923	9.23981E-06
367.5498195	1.04694E-05
367.6610522	1.02235E-05
367.7722905	1.12072E-05
367.8835344	9.46231E-06
367.9947838	8.99388E-06
368.1060389	8.86506E-06
368.2172995	1.06919E-05
368.3285656	1.13712E-05
368.4398373	1.17225E-05
368.5511146	1.04109E-05
368.6623975	1.1582E-05
368.7736859	1.13946E-05
368.8849798	1.08442E-05
368.9962794	8.94704E-06
369.1075844	8.39663E-06
369.2188951	7.93991E-06
369.3302113	8.31465E-06
369.441533	7.76425E-06
369.5528603	8.61913E-06
369.6641931	7.8228E-06
369.7755315	9.32178E-06
369.8868754	9.75508E-06
369.9982249	1.18279E-05
370.1095799	1.01181E-05
370.2209405	9.26323E-06
370.3323066	8.06873E-06
370.4436782	9.18125E-06
370.5550554	9.91903E-06
370.6664381	8.56058E-06
370.7778263	8.88848E-06
370.8892201	7.96333E-06
371.0006193	9.91903E-06
371.1120242	1.16639E-05
371.2234345	1.15351E-05
371.3348504	1.0446E-05
371.4462718	7.68227E-06
371.5576987	8.31465E-06
371.6691311	8.94704E-06
371.7805691	1.01181E-05
371.8920126	1.12892E-05
372.0034616	1.15117E-05
372.1149161	1.2027E-05
372.2263761	1.09847E-05
372.3378416	1.10081E-05
372.4493126	9.46231E-06
372.5607892	9.18125E-06
372.6722712	8.02188E-06
372.7837588	8.72453E-06
372.8952518	9.64968E-06
373.0067504	8.80651E-06
373.1182545	9.93074E-06
373.229764	8.77137E-06
373.3412791	1.04694E-05
373.4527996	8.85335E-06
373.5643257	9.73166E-06
373.6758572	8.88848E-06
373.7873942	9.60284E-06
373.8989368	8.74795E-06
374.0104848	8.97046E-06
374.1220383	7.93991E-06
374.2335972	7.9282E-06
374.3451617	8.18584E-06
374.4567316	9.21638E-06
374.5683071	9.46231E-06
374.679888	9.62626E-06
374.7914743	9.56771E-06
374.9030662	1.02469E-05
375.0146635	8.97046E-06
375.1262663	9.68482E-06
375.2378746	8.78308E-06
375.3494883	1.08442E-05
375.4611075	1.04694E-05
375.5727322	1.21792E-05
375.6843624	1.16756E-05
375.795998	1.12892E-05
375.907639	1.05748E-05
376.0192856	1.09027E-05
376.1309375	9.70824E-06
376.242595	8.77137E-06
376.3542579	7.55345E-06
376.4659262	8.42005E-06
376.5776	9.93074E-06
376.6892793	1.11487E-05
376.800964	1.06802E-05
376.9126541	9.68482E-06
377.0243497	7.98675E-06
377.1360508	9.29836E-06
377.2477573	9.81363E-06
377.3594692	1.02235E-05
377.4711865	9.62626E-06
377.5829094	9.68482E-06
377.6946376	1.10667E-05
377.8063713	1.18396E-05
377.9181104	1.08559E-05
378.0298549	9.73166E-06
378.1416049	8.59571E-06
378.2533603	8.78308E-06
378.3651211	8.86506E-06
378.4768874	8.2561E-06
378.5886591	9.21638E-06
378.7004362	9.89561E-06
378.8122187	9.70824E-06
378.9240067	9.93074E-06
379.0358	9.6731E-06
379.1475988	1.15937E-05
379.259403	1.03055E-05
379.3712126	1.09613E-05
379.4830276	9.83706E-06
379.5948481	9.18125E-06
379.7066739	8.23268E-06
379.8185052	8.34979E-06
379.9303418	8.4786E-06
380.0421839	8.66598E-06
380.1540314	9.64968E-06
380.2658842	1.07973E-05
380.3777425	1.07388E-05
380.4896062	9.83706E-06
380.6014752	9.23981E-06
380.7133497	9.87219E-06
380.8252295	9.46231E-06
380.9371148	9.38033E-06
381.0490054	8.06873E-06
381.1609014	9.09928E-06
381.2728028	1.03055E-05
381.3847096	1.02235E-05
381.4966218	1.01415E-05
381.6085394	8.82993E-06
381.7204623	9.89561E-06
381.8323907	9.19296E-06
381.9443244	8.94704E-06
382.0562634	7.76425E-06
382.1682079	8.09215E-06
382.2801577	1.06919E-05
382.3921129	1.08442E-05
382.5040735	1.08793E-05
382.6160394	8.23268E-06
382.7280108	8.93533E-06
382.8399874	8.04531E-06
382.9519695	8.74795E-06
383.0639569	8.4786E-06
383.1759496	8.59571E-06
383.2879478	9.05243E-06
383.3999513	1.03055E-05
383.5119601	1.13126E-05
383.6239743	1.02001E-05
383.7359938	8.72453E-06
383.8480187	8.78308E-06
383.960049	9.75508E-06
384.0720846	1.07739E-05
384.1841255	1.0001E-05
384.2961718	1.06802E-05
384.4082235	9.84877E-06
384.5202805	1.07973E-05
384.6323428	9.87219E-06
384.7444104	1.09262E-05
384.8564835	9.97758E-06
384.9685618	1.15117E-05
385.0806455	1.13946E-05
385.1927345	1.12892E-05
385.3048288	9.83706E-06
385.4169285	9.81363E-06
385.5290335	1.0446E-05
385.6411438	1.07154E-05
385.7532595	9.43889E-06
385.8653804	9.40376E-06
385.9775067	9.0173E-06
386.0896384	9.60284E-06
386.2017753	9.56771E-06
386.3139176	1.04694E-05
386.4260651	1.03406E-05
386.538218	1.13712E-05
386.6503762	1.02235E-05
386.7625397	1.10433E-05
386.8747086	9.54429E-06
386.9868827	1.0165E-05
387.0990622	9.43889E-06
387.2112469	9.70824E-06
387.323437	8.77137E-06
387.4356323	8.12728E-06
387.547833	8.12728E-06
387.6600389	8.77137E-06
387.7722502	9.84877E-06
387.8844667	1.16639E-05
387.9966886	1.1582E-05
388.1089157	1.21909E-05
388.2211482	9.64968E-06
388.3333859	1.04694E-05
388.4456289	9.19296E-06
388.5578772	1.07622E-05
388.6701308	9.6731E-06
388.7823897	1.00947E-05
388.8946538	9.89561E-06
389.0069232	9.93074E-06
389.119198	9.52086E-06
389.2314779	8.70111E-06
389.3437632	9.21638E-06
389.4560538	9.64968E-06
389.5683496	1.03289E-05
389.6806507	1.01767E-05
389.792957	9.79021E-06
389.9052687	9.87219E-06
390.0175855	9.89561E-06
390.1299077	9.75508E-06
390.2422351	8.04531E-06
390.3545678	7.51832E-06
390.4669058	7.88135E-06
390.579249	8.70111E-06
390.6915975	1.05983E-05
390.8039512	1.09379E-05
390.9163102	1.08442E-05
391.0286744	1.01767E-05
391.1410439	8.72453E-06
391.2534186	9.95416E-06
391.3657986	8.37321E-06
391.4781838	9.91903E-06
391.5905743	9.59113E-06
391.70297	1.23197E-05
391.815371	1.18045E-05
391.9277772	1.15937E-05
392.0401886	9.05243E-06
392.1526053	9.29836E-06
392.2650272	9.07585E-06
392.3774544	1.02586E-05
392.4898868	1.09613E-05
392.6023244	1.04694E-05
392.7147672	1.02001E-05
392.8272153	1.03055E-05
392.9396686	1.08793E-05
393.0521272	1.03875E-05
393.1645909	9.02901E-06
393.2770599	8.82993E-06
393.3895341	8.77137E-06
393.5020135	1.01415E-05
393.6144981	9.91903E-06
393.726988	9.68482E-06
393.8394831	8.02188E-06
393.9519833	8.1507E-06
394.0644888	8.67769E-06
394.1769995	9.32178E-06
394.2895155	9.42718E-06
394.4020366	9.09928E-06
394.5145629	9.09928E-06
394.6270944	1.0165E-05
394.7396312	1.00947E-05
394.8521731	1.01767E-05
394.9647202	9.21638E-06
395.0772726	9.84877E-06
395.1898301	1.00947E-05
395.3023928	1.0364E-05
395.4149607	1.00947E-05
395.5275338	1.03055E-05
395.6401121	1.00596E-05
395.7526956	1.03055E-05
395.8652843	9.15783E-06
395.9778781	9.3452E-06
396.0904772	9.02901E-06
396.2030814	1.09379E-05
396.3156908	1.16639E-05
396.4283054	1.25071E-05
396.5409252	1.12892E-05
396.6535501	9.70824E-06
396.7661802	8.2561E-06
396.8788155	8.10386E-06
396.991456	8.18584E-06
397.1041016	8.34979E-06
397.2167524	8.06873E-06
397.3294083	9.13441E-06
397.4420695	1.0001E-05
397.5547358	1.0446E-05
397.6674072	1.02821E-05
397.7800838	9.91903E-06
397.8927656	9.48573E-06
398.0054526	9.93074E-06
398.1181447	9.29836E-06
398.2308419	9.13441E-06
398.3435443	8.85335E-06
398.4562518	1.03406E-05
398.5689646	1.04929E-05
398.6816824	9.43889E-06
398.7944054	8.80651E-06
398.9071335	1.04226E-05
399.0198668	1.07973E-05
399.1326053	1.17459E-05
399.2453488	1.00596E-05
399.3580975	1.0001E-05
399.4708514	7.96333E-06
399.5836104	8.33808E-06
399.6963745	8.33808E-06
399.8091437	9.11099E-06
399.9219181	9.23981E-06
400.0346976	9.73166E-06
400.1474823	1.0446E-05
400.260272	9.76679E-06
400.3730669	9.62626E-06
400.4858669	8.77137E-06
400.5986721	8.37321E-06
400.7114823	8.53716E-06
400.8242977	8.64256E-06
400.9371182	1.04694E-05
401.0499438	9.62626E-06
401.1627746	1.00596E-05
401.2756104	8.37321E-06
401.3884514	9.07585E-06
401.5012974	8.78308E-06
401.6141486	1.09379E-05
401.7270049	1.04929E-05
401.8398663	1.06568E-05
401.9527327	9.54429E-06
402.0656043	9.93074E-06
402.178481	9.19296E-06
402.2913628	8.31465E-06
402.4042497	7.30753E-06
402.5171417	7.10844E-06
402.6300388	7.03818E-06
402.7429409	7.68227E-06
402.8558482	8.23268E-06
402.9687606	9.50915E-06
403.081678	9.05243E-06
403.1946005	8.80651E-06
403.3075281	7.61201E-06
403.4204608	8.80651E-06
403.5333986	8.61913E-06
403.6463415	8.50203E-06
403.7592894	7.63543E-06
403.8722424	8.99388E-06
403.9852005	9.60284E-06
404.0981637	9.73166E-06
404.2111319	8.93533E-06
404.3241053	8.50203E-06
404.4370836	8.34979E-06
404.5500671	6.85081E-06
404.6630556	7.43635E-06
404.7760492	8.2561E-06
404.8890478	8.72453E-06
405.0020515	9.48573E-06
405.1150603	7.84622E-06
405.2280741	7.90478E-06
405.341093	5.85539E-06
405.454117	6.56975E-06
405.567146	6.89765E-06
405.68018	6.8391E-06
405.7932191	6.6283E-06
405.9062633	7.03818E-06
406.0193125	7.02647E-06
406.1323667	5.62117E-06
406.245426	4.74287E-06
406.3584903	5.18788E-06
406.4715597	6.13645E-06
406.5846341	5.93737E-06
406.6977136	5.52749E-06
406.8107981	5.45722E-06
406.9238876	5.69144E-06
407.0369822	5.94908E-06
407.1500818	6.35895E-06
407.2631864	6.89765E-06
407.3762961	6.68686E-06
407.4894108	7.47148E-06
407.6025305	7.61201E-06
407.7156552	8.43176E-06
407.828785	7.43635E-06
407.9419198	6.87423E-06
408.0550596	5.5392E-06
408.1682044	5.02392E-06
408.2813542	5.01221E-06
408.3945091	5.04735E-06
408.507669	4.80142E-06
408.6208339	5.5392E-06
408.7340038	5.85539E-06
408.8471787	6.56975E-06
408.9603586	5.36354E-06
409.0735435	5.09419E-06
409.1867334	5.45722E-06
409.2999284	5.89052E-06
409.4131283	6.8391E-06
409.5263332	6.34724E-06
409.6395431	6.46435E-06
409.7527581	5.39867E-06
409.865978	4.68431E-06
409.9792029	4.49694E-06
410.0924328	4.47352E-06
410.2056677	5.15274E-06
410.3189076	4.98879E-06
410.4321525	5.58604E-06
410.5454024	5.34012E-06
410.6586572	5.36354E-06
410.7719171	4.76629E-06
410.8851819	4.8834E-06
410.9984517	3.86456E-06
411.1117265	4.36812E-06
411.2250062	4.49694E-06
411.338291	5.8671E-06
411.4515807	6.35895E-06
411.5648753	5.56262E-06
411.678175	4.55549E-06
411.7914796	4.06364E-06
411.9047892	4.778E-06
412.0181038	4.84826E-06
412.1314233	4.66089E-06
412.2447478	5.66802E-06
412.3580772	5.9725E-06
412.4714116	6.13645E-06
412.584751	5.15274E-06
412.6980953	6.21842E-06
412.8114446	5.62117E-06
412.9247988	6.07789E-06
413.038158	5.02392E-06
413.1515221	5.23472E-06
413.2648912	5.94908E-06
413.3782652	5.89052E-06
413.4916442	6.01934E-06
413.6050281	5.28156E-06
413.718417	5.23472E-06
413.8318108	5.04735E-06
413.9452096	4.35641E-06
414.0586133	5.17616E-06
414.1720219	5.42209E-06
414.2854355	6.71028E-06
414.3988539	5.36354E-06
414.5122774	5.60946E-06
414.6257057	4.43839E-06
414.739139	4.8834E-06
414.8525772	4.02851E-06
414.9660204	4.76629E-06
415.0794685	6.18329E-06
415.1929215	7.22555E-06
415.3063794	7.27239E-06
415.4198422	6.60488E-06
415.53331	7.08502E-06
415.6467826	6.10132E-06
415.7602602	5.69144E-06
415.8737427	5.01221E-06
415.9872301	5.69144E-06
416.1007225	7.00305E-06
416.2142197	7.61201E-06
416.3277218	7.68227E-06
416.4412289	6.01934E-06
416.5547408	5.69144E-06
416.6682577	4.8834E-06
416.7817794	5.58604E-06
416.8953061	6.27698E-06
417.0088377	7.36608E-06
417.1223741	7.44806E-06
417.2359155	7.30753E-06
417.3494617	5.93737E-06
417.4630128	5.94908E-06
417.5765689	4.96537E-06
417.6901298	6.24185E-06
417.8036956	6.18329E-06
417.9172663	7.7174E-06
418.0308419	7.10844E-06
418.1444223	7.22555E-06
418.2580077	5.42209E-06
418.3715979	5.83197E-06
418.485193	5.02392E-06
418.598793	6.42922E-06
418.7123978	5.94908E-06
418.8260075	6.59317E-06
418.9396221	6.8391E-06
419.0532416	8.23268E-06
419.166866	8.01017E-06
419.2804952	7.63543E-06
419.3941292	6.44093E-06
419.5077682	6.11303E-06
419.621412	5.94908E-06
419.7350606	6.11303E-06
419.8487142	7.0616E-06
419.9623726	7.22555E-06
420.0760358	7.33095E-06
420.1897039	7.53003E-06
420.3033768	6.93278E-06
420.4170546	7.00305E-06
420.5307373	5.70315E-06
420.6444248	5.80855E-06
420.7581172	5.29327E-06
420.8718143	6.93278E-06
420.9855164	6.21842E-06
421.0992233	6.01934E-06
421.212935	5.17616E-06
421.3266516	5.37525E-06
421.440373	5.80855E-06
421.5540992	4.93024E-06
421.6678303	6.6283E-06
421.7815662	7.47148E-06
421.8953069	8.99388E-06
422.0090525	8.23268E-06
422.1228029	8.61913E-06
422.2365582	7.8228E-06
422.3503182	7.00305E-06
422.4640831	6.9562E-06
422.5778528	7.79938E-06
422.6916273	9.19296E-06
422.8054067	9.0173E-06
422.9191908	9.68482E-06
423.0329798	8.34979E-06
423.1467736	7.93991E-06
423.2605722	6.9562E-06
423.3743757	7.55345E-06
423.4881839	7.85793E-06
423.6019969	9.21638E-06
423.7158148	9.15783E-06
423.8296375	1.01415E-05
423.9434649	7.98675E-06
424.0572972	8.9119E-06
424.1711343	6.59317E-06
424.2849761	6.92107E-06
424.3988228	5.89052E-06
424.5126743	7.0616E-06
424.6265305	8.06873E-06
424.7403916	8.34979E-06
424.8542574	7.96333E-06
424.968128	8.53716E-06
425.0820035	7.93991E-06
425.1958837	8.53716E-06
425.3097687	7.24897E-06
425.4236585	7.93991E-06
425.537553	7.44806E-06
425.6514524	8.584E-06
425.7653565	7.65885E-06
425.8792654	8.50203E-06
425.9931791	7.28411E-06
426.1070976	8.66598E-06
426.2210208	7.53003E-06
426.3349488	8.23268E-06
426.4488816	7.84622E-06
426.5628191	9.75508E-06
426.6767614	9.27494E-06
426.7907085	9.62626E-06
426.9046604	8.4786E-06
427.018617	8.53716E-06
427.1325783	8.50203E-06
427.2465445	7.76425E-06
427.3605153	6.89765E-06
427.474491	7.84622E-06
427.5884714	8.64256E-06
427.7024565	9.95416E-06
427.8164464	7.93991E-06
427.9304411	8.66598E-06
428.0444405	7.10844E-06
428.1584446	8.584E-06
428.2724535	7.85793E-06
428.3864672	1.07622E-05
428.5004856	1.06334E-05
428.6145087	1.07154E-05
428.7285366	9.13441E-06
428.8425692	8.85335E-06
428.9566065	8.99388E-06
429.0706486	8.86506E-06
429.1846954	8.42005E-06
429.2987469	9.50915E-06
429.4128032	9.93074E-06
429.5268642	1.08793E-05
429.6409299	8.78308E-06
429.7550004	9.35691E-06
429.8690756	8.31465E-06
429.9831555	9.02901E-06
430.0972401	7.98675E-06
430.2113294	8.51374E-06
430.3254235	9.93074E-06
430.4395223	1.1336E-05
430.5536258	1.09027E-05
430.667734	6.65172E-06
430.7818469	1.63014E-05
430.8959645	1.37133E-05
431.0100869	2.80356E-05
431.1242139	1.46151E-05
431.2383457	2.9558E-05
431.3524821	1.52474E-05
431.4666233	2.93355E-05
431.5807692	1.43925E-05
431.6949197	2.90662E-05
431.809075	1.4697E-05
431.9232349	3.07525E-05
432.0373996	1.63365E-05
432.1515689	3.11624E-05
432.265743	1.51069E-05
432.3799217	2.84572E-05
432.4941051	1.36665E-05
432.6082932	2.80005E-05
432.722486	1.43691E-05
432.8366835	2.70402E-05
432.9508856	1.27062E-05
433.0650925	2.82698E-05
433.179304	1.55636E-05
433.2935202	2.9195E-05
433.4077411	1.36313E-05
433.5219666	2.83284E-05
433.6361968	1.47439E-05
433.7504317	2.92301E-05
433.8646713	1.45331E-05
433.9789155	2.8949E-05
434.0931644	1.44511E-05
434.207418	2.9031E-05
434.3216762	1.45799E-05
434.4359391	2.83284E-05
434.5502067	1.39007E-05
434.6644789	2.80825E-05
434.7787558	1.4334E-05
434.8930373	3.02372E-05
435.0073235	1.60555E-05
435.1216143	3.14903E-05
435.2359098	1.55402E-05
435.3502099	3.04832E-05
435.4645147	1.51303E-05
435.5788242	2.88671E-05
435.6931382	1.39124E-05
435.807457	2.74266E-05
435.9217803	1.36079E-05
436.0361084	2.78131E-05
436.150441	1.45331E-05
436.2647783	2.90076E-05
436.3791202	1.48258E-05
436.4934668	2.81059E-05
436.607818	1.36079E-05
436.7221738	2.75438E-05
436.8365342	1.40646E-05
436.9508993	2.97454E-05
437.065269	1.58447E-05
437.1796434	3.1057E-05
437.2940223	1.55988E-05
437.4084059	3.053E-05
437.5227941	1.53294E-05
437.637187	2.964E-05
437.7515844	1.4779E-05
437.8659865	3.08345E-05
437.9803931	1.63248E-05
438.0948044	3.13263E-05
438.2092203	1.52709E-05
438.3236408	2.84923E-05
438.4380659	1.34674E-05
438.5524957	2.93941E-05
438.66693	1.61726E-05
438.7813689	3.20056E-05
438.8958125	1.60555E-05
439.0102606	3.00499E-05
439.1247133	1.42052E-05
439.2391707	2.97805E-05
439.3536326	1.58447E-05
439.4680991	3.05886E-05
439.5825703	1.49898E-05
439.697046	3.14434E-05
439.8115263	1.66293E-05
439.9260112	3.12444E-05
440.0405007	1.4697E-05
440.1549947	2.72041E-05
440.2694934	1.25071E-05
440.3839966	2.8059E-05
440.4985044	1.55636E-05
440.6130168	3.13615E-05
440.7275338	1.62194E-05
440.8420553	3.10336E-05
440.9565814	1.52709E-05
441.0711121	3.06705E-05
441.1856474	1.58447E-05
441.3001872	3.03778E-05
441.4147316	1.45799E-05
441.5292806	2.98859E-05
441.6438341	1.54348E-05
441.7583922	3.13615E-05
441.8729549	1.60906E-05
441.9875221	3.04246E-05
442.1020939	1.45916E-05
442.2166703	2.70753E-05
442.3312512	1.26242E-05
442.4458366	2.75906E-05
442.5604266	1.51069E-05
442.6750212	3.07876E-05
442.7896203	1.57276E-05
442.9042239	3.14903E-05
443.0188322	1.58681E-05
443.1334449	3.17948E-05
443.2480622	1.59969E-05
443.362684	3.02607E-05
443.4773104	1.44277E-05
443.5919413	2.99913E-05
443.7065768	1.58096E-05
443.8212168	3.053E-05
443.9358613	1.49664E-05
444.0505104	2.89022E-05
444.1651639	1.43106E-05
444.2798221	2.94175E-05
444.3944847	1.53763E-05
444.5091519	3.00967E-05
444.6238236	1.50718E-05
444.7384998	3.03426E-05
444.8531806	1.55988E-05
444.9678658	3.21929E-05
445.0825556	1.69572E-05
445.1972499	3.31766E-05
445.3119488	1.65005E-05
445.4266521	3.12444E-05
445.5413599	1.49078E-05
445.6560723	2.99679E-05
445.7707892	1.53528E-05
445.8855106	2.9722E-05
446.0002364	1.46619E-05
446.1149668	2.80356E-05
446.2297017	1.35845E-05
446.3444411	2.97688E-05
446.459185	1.636E-05
446.5739334	3.24506E-05
446.6886863	1.63014E-05
446.8034437	3.2111E-05
446.9182056	1.60086E-05
447.032972	3.17596E-05
447.1477429	1.58096E-05
447.2625182	3.2111E-05
447.3772981	1.63365E-05
447.4920824	3.28839E-05
447.6068712	1.65825E-05
447.7216645	3.16894E-05
447.8364623	1.51069E-05
447.9512646	2.75906E-05
448.0660713	1.24837E-05
448.1808826	2.7778E-05
448.2956983	1.55753E-05
448.4105185	3.10219E-05
448.5253431	1.57861E-05
448.6401722	3.14317E-05
448.7550058	1.60321E-05
448.8698439	3.01787E-05
448.9846864	1.4252E-05
449.0995334	2.964E-05
449.2143849	1.57861E-05
449.3292408	3.12209E-05
449.4441012	1.58096E-05
449.558966	2.94175E-05
449.6738353	1.39827E-05
449.788709	2.85392E-05
449.9035873	1.46619E-05
450.0184699	2.89022E-05
450.133357	1.4334E-05
450.2482486	2.84572E-05
450.3631446	1.44979E-05
450.478045	2.90662E-05
450.59295	1.49195E-05
450.7078593	2.93355E-05
450.8227731	1.47556E-05
450.9376913	3.06237E-05
451.052614	1.60086E-05
451.1675411	3.11975E-05
451.2824726	1.54817E-05
451.3974086	3.20641E-05
451.512349	1.69104E-05
451.6272939	3.19002E-05
451.7422431	1.52357E-05
451.8571968	2.84104E-05
451.9721549	1.32215E-05
452.0871175	2.66889E-05
452.2020845	1.34674E-05
452.3170559	2.95229E-05
452.4320317	1.60555E-05
452.5470119	3.09984E-05
452.6619966	1.49898E-05
452.7769856	2.9195E-05
452.8919791	1.4334E-05
453.006977	2.83752E-05
453.1219793	1.42052E-05
453.236986	2.96868E-05
453.3519972	1.56456E-05
453.4670127	2.87031E-05
453.5820326	1.33854E-05
453.697057	2.76726E-05
453.8120857	1.45916E-05
453.9271189	2.95346E-05
454.0421564	1.53763E-05
454.1571984	3.01787E-05
454.2722447	1.50015E-05
454.3872954	3.00382E-05
454.5023505	1.52123E-05
454.6174101	3.13615E-05
454.732474	1.61726E-05
454.8475423	3.17362E-05
454.9626149	1.55636E-05
455.077692	3.07525E-05
455.1927735	1.51889E-05
455.3078593	3.08696E-05
455.4229495	1.58213E-05
455.5380441	2.99093E-05
455.6531431	1.43106E-05
455.7682464	2.93589E-05
455.8833541	1.52709E-05
455.9984662	3.08696E-05
456.1135827	1.56807E-05
456.2287035	3.19821E-05
456.3438287	1.63834E-05
456.4589583	3.18182E-05
456.5740922	1.55168E-05
456.6892305	2.94409E-05
456.8043732	1.41466E-05
456.9195202	2.74852E-05
457.0346715	1.3526E-05
457.1498273	2.93121E-05
457.2649874	1.60906E-05
457.3801518	3.02607E-05
457.4953206	1.4334E-05
457.6104938	2.85392E-05
457.7256713	1.45799E-05
457.8408531	3.05066E-05
457.9560393	1.62429E-05
458.0712298	3.14317E-05
458.1864247	1.57042E-05
458.3016239	3.00967E-05
458.4168275	1.48258E-05
458.5320354	2.96868E-05
458.6472476	1.52943E-05
458.7624642	3.05651E-05
458.8776851	1.55168E-05
458.9929104	3.02021E-05
459.1081399	1.48024E-05
459.2233738	3.00967E-05
459.3386121	1.55988E-05
459.4538546	3.1057E-05
459.5691015	1.59735E-05
459.6843527	2.96868E-05
459.7996082	1.42286E-05
459.9148681	2.93121E-05
460.0301323	1.93345E-05
460.1454007	2.17821E-05
460.2606735	1.09262E-05
460.3759507	9.79021E-06
460.4912321	1.061E-05
460.6065178	8.584E-06
460.7218079	9.07585E-06
460.8371022	9.26323E-06
460.9524009	1.08442E-05
461.0677039	1.09379E-05
461.1830111	1.06334E-05
461.2983227	1.01415E-05
461.4136386	9.40376E-06
461.5289587	9.95416E-06
461.6442832	9.97758E-06
461.759612	1.05748E-05
461.874945	1.10433E-05
461.9902824	9.83706E-06
462.105624	1.10433E-05
462.22097	1.02821E-05
462.3363202	1.27882E-05
462.4516747	1.09027E-05
462.5670335	1.09027E-05
462.6823966	8.77137E-06
462.7977639	9.43889E-06
462.9131355	9.62626E-06
463.0285115	1.02469E-05
463.1438917	1.05748E-05
463.2592761	1.03055E-05
463.3746649	1.06802E-05
463.4900579	1.1336E-05
463.6054552	1.06334E-05
463.7208567	1.02235E-05
463.8362625	9.32178E-06
463.9516726	9.6731E-06
464.067087	1.0083E-05
464.1825056	9.56771E-06
464.2979285	9.54429E-06
464.4133556	9.79021E-06
464.528787	1.00361E-05
464.6442227	9.15783E-06
464.7596626	9.42718E-06
464.8751068	1.07154E-05
464.9905552	1.18045E-05
465.1060078	1.12658E-05
465.2214648	9.79021E-06
465.3369259	9.43889E-06
465.4523913	8.45518E-06
465.567861	9.13441E-06
465.6833349	9.62626E-06
465.798813	1.08442E-05
465.9142954	9.29836E-06
466.029782	9.54429E-06
466.1452729	9.3452E-06
466.260768	1.09613E-05
466.3762673	9.54429E-06
466.4917709	9.23981E-06
466.6072787	8.39663E-06
466.7227907	9.84877E-06
466.8383069	1.04929E-05
466.9538274	1.16639E-05
467.0693521	1.14297E-05
467.184881	1.06334E-05
467.3004142	9.26323E-06
467.4159515	1.01415E-05
467.5314931	9.64968E-06
467.6470389	1.0083E-05
467.7625889	8.34979E-06
467.8781432	9.23981E-06
467.9937016	9.60284E-06
468.1092642	9.83706E-06
468.2248311	9.26323E-06
468.3404022	8.51374E-06
468.4559775	9.62626E-06
468.5715569	9.11099E-06
468.6871406	1.06568E-05
468.8027285	9.29836E-06
468.9183206	1.19684E-05
469.0339169	1.21909E-05
469.1495173	1.2027E-05
469.265122	1.11252E-05
469.3807309	9.59113E-06
469.496344	1.1336E-05
469.6119612	1.1418E-05
469.7275826	1.2027E-05
469.8432083	1.10667E-05
469.9588381	9.75508E-06
470.0744721	9.81363E-06
470.1901103	1.05163E-05
470.3057526	1.02586E-05
470.4213992	1.04226E-05
470.5370499	9.19296E-06
470.6527048	1.10433E-05
470.7683639	1.03289E-05
470.8840271	1.12306E-05
470.9996946	9.95416E-06
471.1153662	1.0364E-05
471.2310419	9.56771E-06
471.3467218	9.23981E-06
471.4624059	8.50203E-06
471.5780942	8.70111E-06
471.6937866	9.13441E-06
471.8094832	8.9119E-06
471.925184	8.85335E-06
472.0408889	9.81363E-06
472.1565979	1.04929E-05
472.2723111	1.07388E-05
472.3880285	9.0173E-06
472.50375	8.85335E-06
472.6194757	8.70111E-06
472.7352055	8.94704E-06
472.8509395	9.64968E-06
472.9666776	9.68482E-06
473.0824199	1.02469E-05
473.1981663	1.12892E-05
473.3139168	1.15351E-05
473.4296715	1.23783E-05
473.5454303	1.03055E-05
473.6611933	1.05983E-05
473.7769604	9.59113E-06
473.8927316	9.75508E-06
474.008507	1.00361E-05
474.1242864	9.27494E-06
474.2400701	1.03055E-05
474.3558578	8.45518E-06
474.4716497	9.19296E-06
474.5874457	9.15783E-06
474.7032458	1.08442E-05
474.8190501	1.07973E-05
474.9348584	9.29836E-06
475.0506709	8.53716E-06
475.1664875	7.84622E-06
475.2823082	9.64968E-06
475.398133	1.03289E-05
475.513962	1.18864E-05
475.629795	1.12658E-05
475.7456322	1.1863E-05
475.8614734	9.87219E-06
475.9773188	1.0528E-05
476.0931683	8.70111E-06
476.2090219	9.29836E-06
476.3248796	7.36608E-06
476.4407413	9.27494E-06
476.5566072	9.52086E-06
476.6724772	1.06802E-05
476.7883513	1.01767E-05
476.9042294	1.16171E-05
477.0201117	1.1781E-05
477.135998	1.07154E-05
477.2518885	9.73166E-06
477.367783	1.03875E-05
477.4836816	1.15117E-05
477.5995843	1.10901E-05
477.7154911	1.10901E-05
477.8314019	1.07622E-05
477.9473169	1.05514E-05
478.0632359	9.91903E-06
478.179159	9.18125E-06
478.2950861	9.07585E-06
478.4110174	9.18125E-06
478.5269527	1.06334E-05
478.6428921	1.0528E-05
478.7588355	9.84877E-06
478.874783	7.69398E-06
478.9907346	7.77596E-06
479.1066903	8.02188E-06
479.22265	9.46231E-06
479.3386138	1.10901E-05
479.4545816	1.1781E-05
479.5705535	1.08793E-05
479.6865294	8.85335E-06
479.8025095	9.83706E-06
479.9184935	1.05514E-05
480.0344816	1.15585E-05
480.1504738	9.29836E-06
480.26647	1.02586E-05
480.3824702	1.06334E-05
480.4984745	1.15351E-05
480.6144829	1.11721E-05
480.7304953	1.13946E-05
480.8465117	1.06334E-05
480.9625322	9.91903E-06
481.0785567	9.29836E-06
481.1945852	9.3452E-06
481.3106178	9.19296E-06
481.4266544	9.32178E-06
481.5426951	1.02001E-05
481.6587397	1.07388E-05
481.7747885	1.10198E-05
481.8908412	1.0528E-05
482.0068979	1.03406E-05
482.1229587	1.00361E-05
482.2390235	1.05163E-05
482.3550924	1.15585E-05
482.4711652	1.22729E-05
482.5872421	1.16171E-05
482.7033229	1.15E-05
482.8194078	1.0165E-05
482.9354967	9.62626E-06
483.0515897	8.09215E-06
483.1676866	8.82993E-06
483.2837875	8.74795E-06
483.3998925	9.81363E-06
483.5160014	9.18125E-06
483.6321144	9.73166E-06
483.7482314	8.64256E-06
483.8643523	1.02235E-05
483.9804773	1.08442E-05
484.0966062	1.07388E-05
484.2127392	9.3452E-06
484.3288761	9.3452E-06
484.4450171	1.07388E-05
484.561162	1.03406E-05
484.6773109	1.0364E-05
484.7934638	9.02901E-06
484.9096208	9.68482E-06
485.0257816	9.76679E-06
485.1419465	9.83706E-06
485.2581154	1.0446E-05
485.3742882	1.03406E-05
485.490465	1.10901E-05
485.6066458	9.84877E-06
485.7228306	9.81363E-06
485.8390193	9.19296E-06
485.955212	1.02001E-05
486.0714087	9.79021E-06
486.1876094	1.05514E-05
486.303814	1.00127E-05
486.4200226	1.08559E-05
486.5362352	9.35691E-06
486.6524517	9.76679E-06
486.7686722	8.01017E-06
486.8848966	9.11099E-06
487.001125	9.0173E-06
487.1173574	1.16991E-05
487.2335937	1.09262E-05
487.349834	1.05163E-05
487.4660782	9.29836E-06
487.5823264	1.07388E-05
487.6985785	1.1781E-05
487.8148346	1.15E-05
487.9310946	1.04929E-05
488.0473586	1.03289E-05
488.1636265	1.01181E-05
488.2798984	9.95416E-06
488.3961742	9.13441E-06
488.5124539	9.38033E-06
488.6287376	9.48573E-06
488.7450252	1.00127E-05
488.8613168	1.06919E-05
488.9776122	1.13126E-05
489.0939117	1.10198E-05
489.210215	1.00947E-05
489.3265223	1.01181E-05
489.4428335	1.02235E-05
489.5591486	9.43889E-06
489.6754676	5.93737E-06
489.7917906	1.65473E-05
489.9081175	1.41232E-05
490.0244483	2.8949E-05
490.1407831	1.48844E-05
490.2571217	2.95346E-05
490.3734643	1.48258E-05
490.4898107	2.82698E-05
490.6061611	1.35728E-05
490.7225154	2.86563E-05
490.8388736	1.52357E-05
490.9552357	3.27668E-05
491.0716017	1.7613E-05
491.1879717	3.09516E-05
491.3043455	1.35728E-05
491.4207232	2.92067E-05
491.5371048	1.58213E-05
491.6534904	3.07525E-05
491.7698798	1.50718E-05
491.8862731	3.05066E-05
492.0026703	1.56222E-05
492.1190714	2.96985E-05
492.2354764	1.44277E-05
492.3518852	2.94409E-05
492.468298	1.54582E-05
492.5847147	2.93706E-05
492.7011352	1.43106E-05
492.8175596	2.98859E-05
492.9339879	1.58096E-05
493.0504201	3.03778E-05
493.1668561	1.4697E-05
493.2832961	2.91481E-05
493.3997399	1.45799E-05
493.5161875	3.05066E-05
493.6326391	1.60555E-05
493.7490945	3.12444E-05
493.8655538	1.55988E-05
493.9820169	3.22046E-05
494.0984839	1.68987E-05
494.2149548	3.13029E-05
494.3314296	1.4697E-05
494.4479082	2.95229E-05
494.5643906	1.48258E-05
494.680877	2.964E-05
494.7973671	1.49898E-05
494.9138612	3.00499E-05
495.0303591	1.52357E-05
495.1468608	3.01318E-05
495.2633664	1.50718E-05
495.3798758	2.9031E-05
495.4963891	1.40764E-05
495.6129062	2.84104E-05
495.7294272	1.45097E-05
495.845952	2.96985E-05
495.9624807	1.54114E-05
496.0790132	2.9195E-05
496.1955495	1.39124E-05
496.3120897	3.02958E-05
496.4286337	1.65473E-05
496.5451815	3.16894E-05
496.6617332	1.53528E-05
496.7782887	3.14434E-05
496.894848	1.62546E-05
497.0114111	3.2111E-05
497.1279781	1.6114E-05
497.2445489	3.19236E-05
497.3611235	1.60321E-05
497.477702	3.04246E-05
497.5942842	1.46151E-05
497.7108703	3.05066E-05
497.8274602	1.59735E-05
497.9440539	3.02958E-05
498.0606514	1.46385E-05
498.1772528	3.07759E-05
498.2938579	1.64654E-05
498.4104669	3.13849E-05
498.5270796	1.52123E-05
498.6436962	3.13615E-05
498.7603166	1.61726E-05
498.8769407	3.09984E-05
498.9935687	1.48376E-05
499.1102005	3.26145E-05
499.226836	1.78238E-05
499.3434754	3.16308E-05
499.4601186	1.39007E-05
499.5767655	2.99328E-05
499.6934163	1.6114E-05
499.8100708	3.22515E-05
499.9267291	1.62194E-05
500.0433912	3.10804E-05
500.1600571	1.49898E-05
500.2767268	3.20056E-05
500.3934002	1.71446E-05
500.5100775	3.28604E-05
500.6267585	1.58915E-05
500.7434433	3.20641E-05
500.8601319	1.62546E-05
500.9768242	3.23686E-05
501.0935203	1.636E-05
501.2102202	3.09399E-05
501.3269239	1.48024E-05
501.4436313	2.99328E-05
501.5603425	1.54817E-05
501.6770575	3.03778E-05
501.7937762	1.52943E-05
501.9104987	3.02372E-05
502.0272249	1.55636E-05
502.1439549	2.96634E-05
502.2606887	1.45916E-05
502.3774262	2.98859E-05
502.4941675	1.58096E-05
502.6109125	3.2474E-05
502.7276613	1.69572E-05
502.8444138	2.98039E-05
502.9611701	1.32215E-05
503.0779301	2.77545E-05
503.1946938	1.4779E-05
503.3114614	2.97688E-05
503.4282326	1.51889E-05
503.5450076	2.92769E-05
503.6617863	1.43691E-05
503.7785688	2.80356E-05
503.895355	1.38304E-05
504.0121449	2.98508E-05
504.1289386	1.63248E-05
504.245736	3.16308E-05
504.3625371	1.54817E-05
504.479342	3.07759E-05
504.5961506	1.54582E-05
504.7129629	3.00147E-05
504.8297789	1.46619E-05
504.9465987	2.9476E-05
505.0634222	1.50015E-05
505.1802494	2.99913E-05
505.2970803	1.52123E-05
505.4139149	3.16542E-05
505.5307532	1.67113E-05
505.6475953	3.03778E-05
505.7644411	1.40764E-05
505.8812905	2.87851E-05
505.9981437	1.51069E-05
506.1150006	2.89022E-05
506.2318612	1.40764E-05
506.3487255	2.93589E-05
506.4655935	1.53177E-05
506.5824652	3.09984E-05
506.6993406	1.57276E-05
506.8162197	3.14083E-05
506.9331025	1.58213E-05
507.049989	3.01201E-05
507.1668792	1.44277E-05
507.283773	2.93941E-05
507.4006706	1.51889E-05
507.5175719	3.1057E-05
507.6344768	1.61726E-05
507.7513854	3.22281E-05
507.8682977	1.64654E-05
507.9852137	3.19587E-05
508.1021334	1.58915E-05
508.2190567	3.20875E-05
508.3359837	1.65708E-05
508.4529144	3.35045E-05
508.5698488	1.73671E-05
508.6867868	3.27668E-05
508.8037286	1.58681E-05
508.9206739	3.0893E-05
509.037623	1.54582E-05
509.1545757	2.95229E-05
509.2715321	1.43925E-05
509.3884922	2.93355E-05
509.5054559	1.54348E-05
509.6224232	3.09399E-05
509.7393943	1.59149E-05
509.8563689	3.17831E-05
509.9733473	1.62194E-05
510.0903293	3.16074E-05
510.2073149	1.54348E-05
510.3243042	3.11155E-05
510.4412972	1.57393E-05
510.5582938	3.1057E-05
510.675294	1.53763E-05
510.7922979	3.12795E-05
510.9093054	1.59735E-05
511.0263166	3.07876E-05
511.1433314	1.48258E-05
511.2603499	3.03778E-05
511.377372	1.55753E-05
511.4943977	3.04012E-05
511.611427	1.4861E-05
511.72846	3.01553E-05
511.8454966	1.53294E-05
511.9625369	3.05066E-05
512.0795808	1.51889E-05
512.1966283	3.13615E-05
512.3136794	1.62194E-05
512.4307342	3.24389E-05
512.5477925	1.63365E-05
512.6648545	3.11155E-05
512.7819201	1.51303E-05
512.8989894	2.93706E-05
513.0160622	1.47439E-05
513.1331387	2.96166E-05
513.2502188	1.54114E-05
513.3673024	3.10336E-05
513.4843897	1.62194E-05
513.6014806	3.11624E-05
513.7185751	1.53528E-05
513.8356733	3.12444E-05
513.952775	1.6196E-05
514.0698803	3.22515E-05
514.1869892	1.60789E-05
514.3041017	3.05066E-05
514.4212178	1.44511E-05
514.5383375	2.97688E-05
514.6554608	1.53177E-05
514.7725877	2.86563E-05
514.8897182	1.33386E-05
515.0068523	2.92769E-05
515.1239899	1.59267E-05
515.2411312	3.11155E-05
515.358276	1.51889E-05
515.4754244	3.21461E-05
515.5925764	1.72031E-05
515.709732	3.33757E-05
515.8268912	1.65239E-05
515.9440539	2.99913E-05
516.0612202	1.39124E-05
516.1783901	2.82698E-05
516.2955636	1.45565E-05
516.4127406	3.03778E-05
516.5299212	1.59267E-05
516.6471053	3.19821E-05
516.7642931	1.60555E-05
516.8814844	3.17362E-05
516.9986792	1.59149E-05
517.1158776	2.98274E-05
517.2330796	1.42052E-05
517.3502851	2.8059E-05
517.4674942	1.42637E-05
517.5847069	2.99913E-05
517.7019231	1.60555E-05
517.8191428	3.13615E-05
517.9363661	1.55753E-05
518.053593	3.07525E-05
518.1708234	1.53528E-05
518.2880574	2.8949E-05
518.4052948	1.37133E-05
518.5225359	2.9113E-05
518.6397805	1.57627E-05
518.7570286	3.19002E-05
518.8742802	1.65708E-05
518.9915354	3.053E-05
519.1087941	1.45799E-05
519.2260564	2.89256E-05
519.3433222	1.4861E-05
519.4605915	2.85509E-05
519.5778644	1.78004E-05
519.6951408	2.16181E-05
519.8124207	1.1781E-05
519.9297041	1.07154E-05
520.0469911	9.6731E-06
520.1642815	9.18125E-06
520.2815755	9.38033E-06
520.398873	8.67769E-06
520.5161741	9.29836E-06
520.6334786	9.26323E-06
520.7507867	1.05163E-05
520.8680983	9.05243E-06
520.9854133	8.56058E-06
521.1027319	8.43176E-06
521.220054	8.99388E-06
521.3373796	1.00947E-05
521.4547087	9.09928E-06
521.5720414	8.23268E-06
521.6893775	8.53716E-06
521.8067171	9.29836E-06
521.9240602	1.02469E-05
522.0414068	9.6731E-06
522.1587569	1.01767E-05
522.2761105	1.03406E-05
522.3934676	1.1336E-05
522.5108282	1.11487E-05
522.6281923	1.06802E-05
522.7455598	1.08793E-05
522.8629309	1.11252E-05
522.9803054	1.06802E-05
523.0976834	1.02469E-05
523.2150649	9.76679E-06
523.3324499	1.11838E-05
523.4498383	1.11838E-05
523.5672302	1.08208E-05
523.6846256	9.87219E-06
523.8020245	9.62626E-06
523.9194269	1.03289E-05
524.0368327	1.0528E-05
524.154242	9.35691E-06
524.2716547	1.00361E-05
524.389071	9.75508E-06
524.5064906	1.05983E-05
524.6239138	9.89561E-06
524.7413404	9.64968E-06
524.8587705	9.95416E-06
524.976204	9.83706E-06
525.093641	1.06568E-05
525.2110814	1.05983E-05
525.3285253	1.00361E-05
525.4459727	1.05983E-05
525.5634235	1.03406E-05
525.6808777	1.23432E-05
525.7983354	1.04929E-05
525.9157965	1.00596E-05
526.0332611	8.70111E-06
526.1507291	9.84877E-06
526.2682006	1.02469E-05
526.3856755	1.05983E-05
526.5031538	9.56771E-06
526.6206356	9.93074E-06
526.7381208	9.21638E-06
526.8556095	9.95416E-06
526.9731016	1.00596E-05
527.0905971	1.1336E-05
527.208096	1.13126E-05
527.3255984	1.00947E-05
527.4431042	9.21638E-06
527.5606134	1.02235E-05
527.678126	1.12072E-05
527.7956421	1.1336E-05
527.9131616	9.91903E-06
528.0306845	9.6731E-06
528.1482108	9.84877E-06
528.2657405	1.05163E-05
528.3832737	9.42718E-06
528.5008102	9.70824E-06
528.6183502	1.02235E-05
528.7358936	1.17225E-05
528.8534404	1.11252E-05
528.9709906	1.06334E-05
529.0885441	1.00127E-05
529.2061011	9.93074E-06
529.3236615	9.09928E-06
529.4412253	9.84877E-06
529.5587925	9.07585E-06
529.6763631	9.6731E-06
529.7939371	9.23981E-06
529.9115145	9.13441E-06
530.0290953	9.02901E-06
530.1466794	9.19296E-06
530.264267	9.29836E-06
530.3818579	1.00596E-05
530.4994522	1.11487E-05
530.6170499	1.20035E-05
530.734651	1.18045E-05
530.8522555	1.04929E-05
530.9698634	9.50915E-06
531.0874746	9.52086E-06
531.2050892	8.72453E-06
531.3227072	9.38033E-06
531.4403285	9.68482E-06
531.5579533	1.06334E-05
531.6755813	1.03875E-05
531.7932128	9.60284E-06
531.9108476	9.50915E-06
532.0284858	1.09379E-05
532.1461274	1.15117E-05
532.2637723	1.08793E-05
532.3814206	1.02001E-05
532.4990723	9.3452E-06
532.6167273	1.00947E-05
532.7343856	9.0173E-06
532.8520473	9.21638E-06
532.9697124	9.02901E-06
533.0873808	9.6731E-06
533.2050526	9.6731E-06
533.3227277	9.21638E-06
533.4404062	9.52086E-06
533.558088	9.3452E-06
533.6757731	9.75508E-06
533.7934616	9.89561E-06
533.9111535	1.11838E-05
534.0288487	1.12541E-05
534.1465472	1.07154E-05
534.264249	9.26323E-06
534.3819542	9.83706E-06
534.4996627	1.06334E-05
534.6173746	1.08442E-05
534.7350898	9.95416E-06
534.8528083	9.19296E-06
534.9705301	8.94704E-06
535.0882553	9.52086E-06
535.2059838	9.60284E-06
535.3237156	1.05163E-05
535.4414507	1.02001E-05
535.5591892	9.93074E-06
535.6769309	8.97046E-06
535.794676	9.48573E-06
535.9124244	9.93074E-06
536.0301761	1.05514E-05
536.1479311	9.19296E-06
536.2656895	9.27494E-06
536.3834511	8.93533E-06
536.5012161	9.87219E-06
536.6189843	1.08559E-05
536.7367559	1.18045E-05
536.8545308	1.1781E-05
536.9723089	1.10198E-05
537.0900904	1.04109E-05
537.2078751	1.01767E-05
537.3256632	1.02001E-05
537.4434545	1.05983E-05
537.5612492	1.02235E-05
537.6790471	9.6731E-06
537.7968484	9.27494E-06
537.9146529	8.93533E-06
538.0324607	8.99388E-06
538.1502718	9.26323E-06
538.2680861	1.00947E-05
538.3859038	1.11487E-05
538.5037247	1.10081E-05
538.6215489	1.13126E-05
538.7393764	1.0083E-05
538.8572072	1.03055E-05
538.9750412	9.68482E-06
539.0928785	1.01767E-05
539.2107191	9.79021E-06
539.328563	1.0083E-05
539.4464101	9.09928E-06
539.5642605	9.07585E-06
539.6821142	8.97046E-06
539.7999711	9.97758E-06
539.9178313	8.88848E-06
540.0356947	1.00596E-05
540.1535614	9.13441E-06
540.2714314	1.01415E-05
540.3893046	9.60284E-06
540.5071811	9.83706E-06
540.6250608	1.0165E-05
540.7429438	1.00947E-05
540.86083	9.91903E-06
540.9787195	1.09847E-05
541.0966122	1.17576E-05
541.2145082	1.14531E-05
541.3324074	9.97758E-06
541.4503098	1.01415E-05
541.5682155	1.0446E-05
541.6861245	1.09847E-05
541.8040366	1.10198E-05
541.921952	1.15E-05
542.0398707	1.2027E-05
542.1577926	1.0001E-05
542.2757177	8.86506E-06
542.393646	8.04531E-06
542.5115776	7.9282E-06
542.6295124	9.62626E-06
542.7474504	1.00947E-05
542.8653916	1.10667E-05
542.9833361	1.13126E-05
543.1012838	1.06568E-05
543.2192347	1.01767E-05
543.3371888	9.91903E-06
543.4551461	8.94704E-06
543.5731067	8.77137E-06
543.6910704	7.77596E-06
543.8090374	8.53716E-06
543.9270076	9.27494E-06
544.044981	9.70824E-06
544.1629576	9.89561E-06
544.2809374	1.03875E-05
544.3989204	9.83706E-06
544.5169066	8.584E-06
544.634896	6.7337E-06
544.7528886	8.06873E-06
544.8708845	9.23981E-06
544.9888835	1.04694E-05
545.1068857	1.0083E-05
545.2248911	1.03406E-05
545.3428996	9.50915E-06
545.4609114	8.99388E-06
545.5789264	8.86506E-06
545.6969445	9.60284E-06
545.8149659	1.03406E-05
545.9329904	1.00596E-05
546.0510181	9.70824E-06
546.169049	9.91903E-06
546.287083	1.00947E-05
546.4051203	9.93074E-06
546.5231607	9.59113E-06
546.6412043	1.06334E-05
546.759251	1.03875E-05
546.877301	9.91903E-06
546.9953541	1.0165E-05
547.1134103	1.06334E-05
547.2314698	1.02821E-05
547.3495324	8.56058E-06
547.4675981	8.33808E-06
547.5856671	9.6731E-06
547.7037391	1.03875E-05
547.8218144	1.05163E-05
547.9398928	9.83706E-06
548.0579744	1.09027E-05
548.1760591	1.05163E-05
548.2941469	1.00361E-05
548.412238	8.18584E-06
548.5303321	9.21638E-06
548.6484294	8.97046E-06
548.7665299	1.05983E-05
548.8846335	1.00127E-05
549.0027403	1.12072E-05
549.1208502	8.72453E-06
549.2389632	8.56058E-06
549.3570794	8.09215E-06
549.4751987	9.75508E-06
549.5933211	1.01415E-05
549.7114467	6.93278E-06
549.8295754	1.89012E-05
549.9477073	1.56573E-05
550.0658422	3.14083E-05
550.1839803	1.62546E-05
550.3021216	3.08345E-05
550.4202659	1.51069E-05
550.5384134	2.964E-05
550.656564	1.50249E-05
550.7747177	3.13615E-05
550.8928746	1.66644E-05
551.0110345	3.09984E-05
551.1291976	1.4334E-05
551.2473638	3.00499E-05
551.3655331	1.58096E-05
551.4837055	3.1865E-05
551.601881	1.62194E-05
551.7200596	3.05886E-05
551.8382414	1.4861E-05
551.9564262	2.9722E-05
552.0746142	1.53763E-05
552.1928052	2.96166E-05
552.3109994	1.46736E-05
552.4291966	2.98859E-05
552.5473969	1.53177E-05
552.6656004	3.09984E-05
552.7838069	1.58447E-05
552.9020165	3.00499E-05
553.0202293	1.4416E-05
553.1384451	2.98625E-05
553.256664	1.56573E-05
553.3748859	3.13029E-05
553.493111	1.58915E-05
553.6113391	3.09984E-05
553.7295704	1.53177E-05
553.8478047	2.97805E-05
553.9660421	1.48024E-05
554.0842825	2.90662E-05
554.2025261	1.44277E-05
554.3207727	3.01201E-05
554.4390224	1.60321E-05
554.5572752	3.15957E-05
554.675531	1.57861E-05
554.7937899	3.27668E-05
554.9120518	1.72851E-05
555.0303169	3.2474E-05
555.148585	1.53294E-05
555.2668561	3.053E-05
555.3851303	1.55402E-05
555.5034076	2.95229E-05
555.6216879	1.43106E-05
555.7399713	2.94175E-05
555.8582578	1.54817E-05
555.9765473	2.95814E-05
556.0948398	1.43691E-05
556.2131354	2.97688E-05
556.331434	1.56456E-05
556.4497357	2.99913E-05
556.5680405	1.45331E-05
556.6863482	2.84104E-05
556.8046591	1.39592E-05
556.9229729	2.95229E-05
557.0412898	1.55988E-05
557.1596097	3.00499E-05
557.2779327	1.45331E-05
557.3962587	2.94409E-05
557.5145878	1.49898E-05
557.6329198	2.93121E-05
557.7512549	1.44511E-05
557.869593	2.74266E-05
557.9879342	1.30575E-05
558.1062784	2.69348E-05
558.2246256	1.39944E-05
558.3429758	2.89842E-05
558.461329	1.51655E-05
558.5796853	2.95814E-05
558.6980446	1.46151E-05
558.8164069	3.06471E-05
558.9347722	1.63014E-05
559.0531405	3.13498E-05
559.1715118	1.51655E-05
559.2898862	3.05066E-05
559.4082635	1.56807E-05
559.5266439	3.12444E-05
559.6450272	1.58096E-05
559.7634136	2.96634E-05
559.8818029	1.40998E-05
560.0001953	2.91716E-05
560.1185907	1.50718E-05
560.236989	3.02607E-05
560.3553904	1.52474E-05
560.4737947	3.02021E-05
560.5922021	1.50015E-05
560.7106124	2.97688E-05
560.8290257	1.48258E-05
560.947442	2.89022E-05
561.0658613	1.417E-05
561.1842836	2.92301E-05
561.3027089	1.51655E-05
561.4211371	2.92887E-05
561.5395683	1.43106E-05
561.6580025	2.93589E-05
561.7764397	1.51655E-05
561.8948799	2.95346E-05
562.013323	1.44745E-05
562.1317691	2.964E-05
562.2502182	1.53528E-05
562.3686702	3.05417E-05
562.4871252	1.53528E-05
562.6055832	3.13615E-05
562.7240442	1.61726E-05
562.8425081	3.2474E-05
562.9609749	1.63248E-05
563.0794447	3.13849E-05
563.1979175	1.50835E-05
563.3163933	2.91481E-05
563.434872	1.40764E-05
563.5533536	2.87851E-05
563.6718382	1.4697E-05
563.7903258	2.87851E-05
563.9088163	1.40764E-05
564.0273097	2.85392E-05
564.1458061	1.45331E-05
564.2643055	2.84923E-05
564.3828077	1.40646E-05
564.501313	2.95346E-05
564.6198211	1.55753E-05
564.7383322	2.964E-05
564.8568463	1.40998E-05
564.9753633	2.86329E-05
565.0938832	1.46385E-05
565.212406	2.92535E-05
565.3309318	1.47556E-05
565.4494605	2.97454E-05
565.5679921	1.51069E-05
565.6865267	2.86563E-05
565.8050642	1.36079E-05
565.9236046	2.78131E-05
566.0421479	1.42286E-05
566.1606941	2.63961E-05
566.2792433	1.21909E-05
566.3977954	2.70519E-05
566.5163504	1.4861E-05
566.6349083	2.82113E-05
566.7534691	1.34206E-05
566.8720328	2.72978E-05
566.9905995	1.39944E-05
567.109169	2.82698E-05
567.2277415	1.45331E-05
567.3463168	2.82113E-05
567.4648951	1.38539E-05
567.5834763	2.87851E-05
567.7020603	1.51069E-05
567.8206473	2.71339E-05
567.9392372	1.20738E-05
568.0578299	2.56817E-05
568.1764256	1.37133E-05
568.2950241	2.6724E-05
568.4136255	1.30809E-05
568.5322298	2.78951E-05
568.6508371	1.48844E-05
568.7694472	2.94526E-05
568.8880601	1.45916E-05
569.006676	2.8305E-05
569.1252947	1.37485E-05
569.2439164	2.65835E-05
569.3625409	1.28701E-05
569.4811682	2.79185E-05
569.5997985	1.53177E-05
569.7184316	2.87851E-05
569.8370676	1.37367E-05
569.9557065	2.65835E-05
570.0743482	1.31161E-05
570.1929928	2.6806E-05
570.3116403	1.39007E-05
570.4302906	2.69933E-05
570.5489438	1.328E-05
570.6675999	2.72041E-05
570.7862588	1.42286E-05
570.9049206	2.67708E-05
571.0235852	1.26711E-05
571.1422527	2.40422E-05
571.2609231	1.16405E-05
571.3795963	2.46746E-05
571.4982723	1.32215E-05
571.6169512	2.52484E-05
571.7356329	1.22143E-05
571.8543175	2.46161E-05
571.973005	1.24837E-05
572.0916952	2.33396E-05
572.2103883	1.09027E-05
572.3290843	2.26018E-05
572.4477831	1.17459E-05
572.5664847	2.37495E-05
572.6851892	1.20035E-05
572.8038965	2.33045E-05
572.9226066	1.13126E-05
573.0413196	2.32225E-05
573.1600354	1.19216E-05
573.278754	2.39368E-05
573.3974755	1.2027E-05
573.5161997	2.44638E-05
573.6349268	1.24368E-05
573.7536567	2.19694E-05
573.8723895	9.52086E-06
573.991125	2.12668E-05
574.1098634	1.1781E-05
574.2286046	2.26838E-05
574.3473486	1.09379E-05
574.4660954	2.19226E-05
574.584845	1.10198E-05
574.7035974	2.32576E-05
574.8223526	1.22378E-05
574.9411107	2.3726E-05
575.0598715	1.15E-05
575.1786352	1.98264E-05
575.2974016	8.33808E-06
575.4161709	1.82337E-05
575.5349429	9.89561E-06
575.6537178	1.9112E-05
575.7724954	9.21638E-06
575.8912758	1.97912E-05
576.0100591	1.061E-05
576.1288451	1.94048E-05
576.2476339	8.82993E-06
576.3664255	1.92525E-05
576.4852198	1.04694E-05
576.604017	2.07983E-05
576.7228169	1.03289E-05
576.8416197	1.99786E-05
576.9604252	9.6731E-06
577.0792335	1.69923E-05
577.1980445	7.35437E-06
577.3168583	1.61609E-05
577.435675	8.82993E-06
577.5544943	1.63834E-05
577.6733165	7.55345E-06
577.7921414	1.66644E-05
577.9109691	9.11099E-06
578.0297995	1.53997E-05
578.1486328	6.27698E-06
578.2674687	1.37953E-05
578.3863075	7.51832E-06
578.505149	1.43925E-05
578.6239932	6.87423E-06
578.7428402	1.28936E-05
578.86169	6.01934E-06
578.9805425	1.23197E-05
579.0993978	6.3004E-06
579.2182558	1.20855E-05
579.3371166	5.78513E-06
579.4559801	1.20738E-05
579.5748464	6.27698E-06
579.6937154	1.12658E-05
579.8125871	4.98879E-06
579.9314616	1.15E-05
580.0503389	6.67514E-06
580.1692188	6.8391E-06
580.2881015	7.14358E-07
580.406987	5.50407E-07
580.5258751	4.68431E-07
580.644766	1.63951E-07
580.7636597	5.15274E-07
580.8825561	4.33299E-07
581.0014551	3.86456E-07
581.120357	4.68431E-08
581.2392615	4.68431E-08
581.3581688	0
581.4770788	1.40529E-07
581.5959915	1.40529E-07
581.7149069	1.40529E-07
581.833825	0
581.9527459	0
582.0716694	0
582.1905957	4.68431E-08
582.3095247	4.68431E-08
582.4284564	5.85539E-08
582.5473908	2.34216E-08
582.6663279	1.87372E-07
582.7852677	1.63951E-07
582.9042102	1.63951E-07
583.0231555	0
583.1421034	1.40529E-07
583.261054	1.40529E-07
583.3800073	3.0448E-07
583.4989633	1.63951E-07
583.617922	2.10794E-07
583.7368834	4.68431E-08
583.8558475	1.40529E-07
583.9748143	1.05397E-07
584.0937837	1.40529E-07
584.2127559	4.68431E-08
584.3317307	3.74745E-07
584.4507082	3.27902E-07
584.5696884	5.73828E-07
584.6886712	2.45926E-07
584.8076568	1.0891E-06
584.926645	8.43176E-07
585.0456359	4.16904E-06
585.1646295	3.32586E-06
585.2836257	2.67474E-05
585.4026246	2.34216E-05
585.5216262	3.99923E-05
585.6406305	1.65708E-05
585.7596374	0.000146514
585.878647	0.000130423
585.9976592	0.000455948
586.1166741	0.000455409
586.2356917	0.001112629
586.3547119	0.000855156
586.4737347	0.001551561
586.5927603	0.00127904
586.7117885	0.0021601
586.8308193	0.002494455
586.9498528	0.003185484
587.0688889	0.002974444
587.1879277	0.003050494
587.3069691	0.002911136
587.4260132	0.00369481
587.5450599	0.003521982
587.6641092	0.004282246
587.7831612	0.004063184
587.9022159	0.004832652
588.0212731	0.004648559
588.140333	0.005491864
588.2593955	0.005341521
588.3784607	0.006360722
588.4975285	0.006097171
588.6165989	0.007012298
588.735672	0.006760305
588.8547476	0.007957381
588.9738259	0.007853436
589.0929069	0.008822656
589.2119904	0.008542194
589.3310766	0.009641497
589.4501653	0.009496143
589.5692567	0.010591393
589.6883507	0.010313251
589.8074474	0.011574666
589.9265466	0.011357735
590.0456484	0.012402981
590.1647529	0.01176246
590.2838599	0.01278494
590.4029696	0.012668253
590.5220819	0.0141004
590.6411967	0.013831954
590.7603142	0.015133935
590.8794343	0.015102198
590.998557	0.016427835
591.1176822	0.016052329
591.2368101	0.017693185
591.3559405	0.017549833
591.4750736	0.019354511
591.5942092	0.01919364
591.7133474	0.021062751
591.8324882	0.021429896
591.9516316	0.022727157
592.0707776	0.022954604
592.1899261	0.02365204
592.3090773	0.023753842
592.428231	0.024090035
592.5473873	0.024326335
592.6665462	0.024323185
592.7857076	0.024564907
592.9048716	0.02384638
593.0240382	0.02440194
593.1432074	0.023583403
593.2623791	0.024773042
593.3815534	0.023711121
593.5007303	0.025288621
593.6199097	0.024554601
593.7390917	0.026140838
593.8582762	0.025534431
593.9774633	0.026332005
594.096653	0.025989933
594.2158452	0.026093573
594.33504	0.026275582
594.4542373	0.025180777
594.5734372	0.025042906
594.6926396	0.023525259
594.8118446	0.024011092
594.9310521	0.023352326
595.0502622	0.024360027
595.1694748	0.024261925
595.2886899	0.026546324
595.4079076	0.027284513
595.5271279	0.030355747
595.6463506	0.03004636
595.7655759	0.033678798
595.8848038	0.033320214
596.0040342	0.036848976
596.1232671	0.035373687
596.2425025	0.037649818
596.3617405	0.036974364
596.4809809	0.038374891
596.600224	0.039126477
596.7194695	0.040009716
596.8387175	0.042621384
596.9579681	0.043527704
597.0772212	0.046020004
597.1964768	0.04672942
597.315735	0.048618275
597.4349956	0.049043318
597.5542588	0.049497579
597.6735245	0.048938612
597.7927926	0.048427975
597.9120633	0.047825783
598.0313365	0.047395459
598.1506122	0.048034809
598.2698904	0.047863644
598.3891711	0.04910973
598.5084543	0.048838402
598.62774	0.050534814
598.7470282	0.050939914
598.8663189	0.053248261
598.9856121	0.054369685
599.1049078	0.056721057
599.224206	0.058037911
599.3435067	0.05990304
599.4628098	0.060859225
599.5821154	0.062374097
599.7014236	0.063405008
599.8207342	0.065147654
599.9400473	0.066052418
600.0593628	0.06752424
600.1786809	0.068077809
600.2980014	0.069496089
600.4173244	0.07014804
600.5366499	0.071609698
600.6559778	0.07225214
600.7753083	0.073851153
600.8946412	0.074484964
601.0139765	0.07577028
601.1333143	0.076333229
601.2526546	0.078103876
601.3719974	0.079135338
601.4913426	0.080782471
601.6106903	0.081754407
601.7300404	0.083555162
601.849393	0.084600489
601.9687481	0.085984341
602.0881056	0.086977895
602.2074655	0.088585574
602.3268279	0.089886045
602.4461928	0.091746888
602.5655601	0.093255833
602.6849298	0.095252076
602.804302	0.096524757
602.9236766	0.098351674
603.0430537	0.099803143
603.1624332	0.101772978
603.2818152	0.103072184
603.4011996	0.105174597
603.5205864	0.106752367
603.6399757	0.10871562
603.7593674	0.109725546
603.8787615	0.111561363
603.9981581	0.113459669
604.1175571	0.115696323
604.2369585	0.116753958
604.3563623	0.118365947
604.4757686	0.119666183
604.5951773	0.122041598
604.7145884	0.123262845
604.8340019	0.125617379
604.9534178	0.127000551
605.0728362	0.129750746
605.1922569	0.131351504
605.3116801	0.134291179
605.4311057	0.136163604
605.5505337	0.138953194
605.6699641	0.140728255
605.7893969	0.143494014
605.9088322	0.145227876
606.0282698	0.14764757
606.1477098	0.148963358
606.2671522	0.151214603
606.3865971	0.152923007
606.5060443	0.15589546
606.6254939	0.157898437
606.7449459	0.160772649
606.8644003	0.162641806
606.9838571	0.166391212
607.1033163	0.168258589
607.2227779	0.170844458
607.3422418	0.171820751
607.4617082	0.174851934
607.5811769	0.17697552
607.700648	0.180410268
607.8201215	0.182541911
607.9395974	0.185881264
608.0590756	0.188118268
608.1785562	0.192017876
608.2980392	0.195102097
608.4175246	0.199214748
608.5370123	0.20174081
608.6565024	0.204791058
608.7759949	0.207065151
608.8954897	0.211275633
609.0149869	0.214702289
609.1344865	0.218878471
609.2539884	0.221771701
609.3734927	0.226177074
609.4929994	0.229202518
609.6125084	0.233071807
609.7320197	0.235357529
609.8515334	0.239047443
609.9710495	0.241103997
610.0905679	0.244686453
610.2100887	0.247360013
610.3296118	0.25237465
610.4491373	0.256450037
610.5686651	0.261625136
610.6881952	0.266203056
610.8077277	0.270329958
610.9272625	0.274120737
611.0467997	0.276805176
611.1663392	0.281016127
611.285881	0.284907349
611.4054252	0.290096173
611.5249717	0.294207231
611.6445206	0.29944017
611.7640717	0.303090912
611.8836252	0.308056224
612.003181	0.312059355
612.1227392	0.31780471
612.2422997	0.321902043
612.3618624	0.326472503
612.4814276	0.330407254
612.600995	0.336441831
612.7205647	0.34248279
612.8401368	0.348939962
612.9597112	0.354539741
613.0792878	0.361394212
613.1988668	0.36730599
613.3184482	0.374124872
613.4380318	0.379472448
613.5576177	0.38596638
613.6772059	0.390412588
613.7967964	0.395577768
613.9163893	0.40088089
614.0359844	0.408440221
614.1555818	0.415224487
614.2751815	0.422178407
614.3947836	0.427289436
614.5143879	0.433204516
614.6339945	0.438102971
614.7536034	0.444066335
614.8732146	0.449297599
614.992828	0.456643267
615.1124438	0.463184218
615.2320618	0.470536773
615.3516822	0.475752461
615.4713048	0.481762925
615.5909297	0.486268285
615.7105568	0.491133891
615.8301863	0.496262628
615.949818	0.503178874
616.069452	0.509766679
616.1890882	0.516486571
616.3087268	0.522753454
616.4283676	0.530413827
616.5480107	0.537048522
616.667656	0.543832753
616.7873036	0.549717993
616.9069535	0.557789929
617.0266056	0.565244145
617.14626	0.573803297
617.2659166	0.5805512
617.3855755	0.589007929
617.5052367	0.595760447
617.6249001	0.603473553
617.7445657	0.609498304
617.8642336	0.617606989
617.9839038	0.625015978
618.1035762	0.634418493
618.2232509	0.642323187
618.3429278	0.652134666
618.4626069	0.660715424
618.5822883	0.671422625
618.7019719	0.679585296
618.8216578	0.688645634
618.9413459	0.694163039
619.0610362	0.700058995
619.1807288	0.703230157
619.3004236	0.709021899
619.4201206	0.714339167
619.5398199	0.721752442
619.6595214	0.729268737
619.7792251	0.739333766
619.898931	0.748611807
620.0186392	0.75742315
620.1383495	0.764157938
620.2580621	0.771333648
620.377777	0.776590664
620.497494	0.782757842
620.6172132	0.788065764
620.7369347	0.796640374
620.8566584	0.804367767
620.9763843	0.812870906
621.0961124	0.818843673
621.2158427	0.82732147
621.3355752	0.835814631
621.4553099	0.845318268
621.5750468	0.851644666
621.6947859	0.858316321
621.8145272	0.863102622
621.9342707	0.869153114
622.0540165	0.874670214
622.1737644	0.882576115
622.2935145	0.888943477
622.4132668	0.896446573
622.5330212	0.903995588
622.6527779	0.915584014
622.7725368	0.926574616
622.8922978	0.936587251
623.012061	0.943090106
623.1318264	0.947135478
623.251594	0.95019116
623.3713638	0.953010753
623.4911358	0.956919601
623.6109099	0.962336879
623.7306862	0.968451838
623.8504647	0.975667997
623.9702453	0.982551816
624.0900281	0.990450163
624.2098131	0.996829997
624.3296003	1
624.4493896	0.999000403
624.5691811	0.99787714
624.6889747	0.99644435
624.8087705	0.996342337
624.9285685	0.994809513
625.0483686	0.995540242
625.1681709	0.996237057
625.2879753	0.997979879
625.4077819	0.997829407
625.5275906	0.997266107
625.6474015	0.994762705
625.7672146	0.992172819
625.8870298	0.987256306
626.0068471	0.982944584
626.1266666	0.977776722
626.2464882	0.975886848
626.366312	0.974272997
626.4861379	0.975135286
626.6059659	0.973134639
626.7257961	0.969269485
626.8456284	0.961363479
626.9654628	0.954712564
627.0852994	0.947348591
627.2051381	0.940957398
627.3249789	0.932504568
627.4448219	0.925828007
627.564667	0.91872803
627.6845142	0.912862838
627.8043635	0.904539484
627.924215	0.897718294
628.0440686	0.888492296
628.1639243	0.879766757
628.2837821	0.86809967
628.403642	0.858642091
628.523504	0.848525476
628.6433682	0.84033888
628.7632344	0.829244075
628.8831028	0.81867033
629.0029733	0.805189571
629.1228458	0.792629865
629.2427205	0.77836692
629.3625973	0.765549483
629.4824762	0.751655111
629.6023572	0.73927205
629.7222403	0.724779983
629.8421255	0.711162103
629.9620127	0.695738174
630.0819021	0.681677825
630.2017936	0.666154273
630.3216871	0.650824288
630.4415828	0.633843013
630.5614805	0.618256949
630.6813803	0.602157449
630.8012822	0.58789633
630.9211862	0.572645241
631.0410922	0.558896118
631.1610004	0.544372994
631.2809106	0.530926337
631.4008229	0.516708712
631.5207372	0.504022823
631.6406537	0.491107542
631.7605722	0.480763762
631.8804928	0.469686781
632.0004154	0.459686419
632.1203401	0.448679164
632.2402669	0.439148428
632.3601958	0.42837629
632.4801267	0.418013058
632.6000597	0.406006382
632.7199947	0.395760667
632.8399318	0.384770885
632.9598709	0.375992355
633.0798121	0.366373718
633.1997554	0.358604552
633.3197007	0.349693199
633.439648	0.342246677
633.5595974	0.33338034
633.6795489	0.325696546
633.7995024	0.316539806
633.9194579	0.308933186
634.0394155	0.299965457
634.1593751	0.292565836
634.2793368	0.284400495
634.3993005	0.278096898
634.5192662	0.270925849
634.639234	0.264535452
634.7592038	0.256733133
634.8791756	0.25020298
634.9991495	0.242924824
635.1191254	0.237196543
635.2391033	0.229994226
635.3590833	0.223982567
635.4790652	0.216706941
635.5990492	0.210876249
635.7190352	0.203869104
635.8390233	0.198293144
635.9590133	0.192124889
636.0790054	0.186870672
636.1989995	0.180725803
636.3189955	0.176146303
636.4389937	0.170785178
636.5589938	0.166705377
636.6789959	0.160975854
636.799	0.157184384
636.9190062	0.152284312
637.0390143	0.14824859
637.1590244	0.142622931
637.2790366	0.138359188
637.3990507	0.133623196
637.5190669	0.130227925
637.639085	0.126266953
637.7591051	0.123241894
637.8791272	0.119327636
637.9991514	0.115972311
638.1191775	0.1116148
638.2392056	0.108477201
638.3592356	0.104480499
638.4792677	0.101909081
638.5993017	0.098221216
638.7193378	0.095795316
638.8393758	0.092915014
638.9594158	0.090942334
639.0794577	0.088138831
639.1995017	0.08593156
639.3195476	0.083245131
639.4395955	0.081245831
639.5596454	0.078436907
639.6796972	0.076337164
639.799751	0.073581149
639.9198068	0.071431823
640.0398645	0.068674766
640.1599242	0.066692388
640.2799859	0.064020749
640.4000495	0.061679144
640.5201151	0.058151049
640.6401826	0.055824035
640.7602521	0.052622027
640.8803235	0.051414692
641.0003969	0.049026794
641.1204723	0.048442871
641.2405496	0.047883295
641.3606288	0.047816836
641.48071	0.045680497
641.6007932	0.041981038
641.7208782	0.039520264
641.8409653	0.036732712
641.9610542	0.036057093
642.0811451	0.031702381
642.201238	0.029614642
642.3213328	0.025079654
642.4414295	0.025076902
642.5615281	0.024973601
642.6816287	0.026005087
642.8017312	0.026254421
642.9218357	0.024968706
643.041942	0.025149685
643.1620503	0.023730713
643.2821605	0.024516483
643.4022726	0.023897627
643.5223867	0.023572055
643.6425027	0.022649562
643.7626206	0.021257455
643.8827404	0.020183424
644.0028621	0.017732229
644.1229857	0.016122746
644.2431113	0.014010672
644.3632387	0.01366278
644.4833681	0.011967785
644.6034994	0.011629355
644.7236325	0.010045355
644.8437676	0.009836961
644.9639046	0.008416198
645.0840435	0.008208027
645.2041843	0.006688752
645.3243269	0.006703379
645.4444715	0.005331789
645.564618	0.005368573
645.6847663	0.003910663
645.8049166	0.003716861
645.9250687	0.002499572
646.0452228	0.002466361
646.1653787	0.001431737
646.2855365	0.001740866
646.4056962	0.000922552
646.5258577	0.001009586
646.6460212	0.000229473
646.7661865	0.000225819
646.8863537	1.36899E-05
647.0065228	1.40998E-05
647.1266937	4.09877E-07
647.2468665	5.38696E-07
647.3670412	1.28819E-07
647.4872178	4.33299E-07
647.6073962	3.0448E-07
647.7275765	3.0448E-07
647.8477587	0
647.9679427	0
648.0881286	2.34216E-08
648.2083164	1.40529E-07
648.328506	1.40529E-07
648.4486975	1.28819E-07
648.5688908	0
648.689086	1.40529E-07
648.809283	1.40529E-07
648.9294819	1.87372E-07
649.0496826	1.40529E-07
649.1698852	3.74745E-07
649.2900896	3.51323E-07
649.4102959	3.51323E-07
649.530504	1.40529E-07
649.6507139	2.10794E-07
649.7709257	3.27902E-07
649.8911394	5.9725E-07
650.0113549	6.55804E-07
650.1315722	6.20671E-07
650.2517913	3.51323E-07
650.3720123	6.79225E-07
650.4922351	6.32382E-07
650.6124597	1.33503E-06
650.7326862	1.33503E-06
650.8529145	1.66293E-06
650.9731446	1.27648E-06
651.0933765	1.55753E-06
651.2136103	1.39358E-06
651.3338459	1.49898E-06
651.4540833	1.28819E-06
651.5743225	1.79175E-06
651.6945635	1.90886E-06
651.8148063	2.56466E-06
651.935051	2.67006E-06
652.0552975	2.81059E-06
652.1755458	2.20163E-06
652.2957958	2.45926E-06
652.4160477	2.52953E-06
652.5363014	3.40784E-06
652.6565569	3.87627E-06
652.7768142	4.47352E-06
652.8970733	3.75916E-06
653.0173342	3.70061E-06
653.1375969	3.02138E-06
653.2578614	3.92311E-06
653.3781277	3.78258E-06
653.4983958	4.778E-06
653.6186657	4.00509E-06
653.7389373	5.31669E-06
653.8592108	5.44551E-06
653.979486	6.42922E-06
654.099763	5.34012E-06
654.2200418	5.83197E-06
654.3403224	5.39867E-06
654.4606048	6.11303E-06
654.5808889	5.12932E-06
654.7011749	5.1059E-06
654.8214626	4.33299E-06
654.941752	5.44551E-06
655.0620433	5.58604E-06
655.1823363	6.5229E-06
655.3026311	5.69144E-06
655.4229276	6.48777E-06
655.5432259	5.45722E-06
655.663526	6.26527E-06
655.7838279	4.98879E-06
655.9041315	5.91394E-06
656.0244368	5.15274E-06
656.144744	5.66802E-06
656.2650528	6.11303E-06
656.3853635	6.34724E-06
656.5056759	7.55345E-06
656.62599	6.7337E-06
656.7463059	7.03818E-06
656.8666236	6.6283E-06
656.986943	6.4058E-06
657.1072641	6.92107E-06
657.227587	6.59317E-06
657.3479116	7.00305E-06
657.468238	5.72657E-06
657.5885661	6.34724E-06
657.7088959	6.76883E-06
657.8292275	9.64968E-06
657.9495608	8.70111E-06
658.0698959	7.77596E-06
658.1902327	6.5229E-06
658.3105712	8.17412E-06
658.4309114	9.0173E-06
658.5512534	9.32178E-06
658.6715971	9.26323E-06
658.7919425	8.45518E-06
658.9122897	7.57687E-06
659.0326385	7.51832E-06
659.1529891	7.9282E-06
659.2733414	8.93533E-06
659.3936955	8.1507E-06
659.5140512	9.0173E-06
659.6344087	8.72453E-06
659.7547678	9.79021E-06
659.8751287	9.26323E-06
659.9954913	8.51374E-06
660.1158556	6.92107E-06
660.2362216	7.20213E-06
660.3565893	7.76425E-06
660.4769587	8.18584E-06
660.5973298	8.06873E-06
660.7177026	7.167E-06
660.8380771	8.23268E-06
660.9584533	7.84622E-06
661.0788312	7.74083E-06
661.1992108	7.69398E-06
661.3195921	7.8228E-06
661.4399751	8.93533E-06
661.5603597	7.85793E-06
661.6807461	8.67769E-06
661.8011341	8.99388E-06
661.9215239	9.89561E-06
662.0419153	9.56771E-06
662.1623083	8.74795E-06
662.2827031	9.46231E-06
662.4030996	9.76679E-06
662.5234977	1.10081E-05
662.6438975	1.02235E-05
662.764299	1.05046E-05
662.8847021	9.29836E-06
663.0051069	9.76679E-06
663.1255134	8.88848E-06
663.2459216	9.56771E-06
663.3663314	9.02901E-06
663.4867429	8.50203E-06
663.607156	8.82993E-06
663.7275708	7.76425E-06
663.8479873	9.6731E-06
663.9684054	8.99388E-06
664.0888252	1.12541E-05
664.2092466	1.07973E-05
664.3296697	1.061E-05
664.4500945	9.13441E-06
664.5705208	8.53716E-06
664.6909489	9.05243E-06
664.8113786	9.46231E-06
664.9318099	1.04929E-05
665.0522429	1.06802E-05
665.1726775	1.00596E-05
665.2931138	9.76679E-06
665.4135517	8.31465E-06
665.5339912	8.4786E-06
665.6544324	7.69398E-06
665.7748752	8.9119E-06
665.8953197	9.26323E-06
666.0157658	9.54429E-06
666.1362135	9.07585E-06
666.2566628	9.54429E-06
666.3771138	8.50203E-06
666.4975664	8.42005E-06
666.6180206	7.51832E-06
666.7384764	8.85335E-06
666.8589339	1.04694E-05
666.979393	1.05163E-05
667.0998537	9.62626E-06
667.220316	8.94704E-06
667.3407799	8.70111E-06
667.4612455	9.42718E-06
667.5817126	8.42005E-06
667.7021814	9.73166E-06
667.8226518	9.91903E-06
667.9431237	1.12658E-05
668.0635973	1.0528E-05
668.1840725	1.04694E-05
668.3045493	1.03406E-05
668.4250277	1.0446E-05
668.5455077	9.73166E-06
668.6659893	9.27494E-06
668.7864725	9.48573E-06
668.9069573	1.11487E-05
669.0274437	1.00127E-05
669.1479317	1.11838E-05
669.2684212	9.54429E-06
669.3889124	1.10433E-05
669.5094051	9.52086E-06
669.6298994	9.97758E-06
669.7503954	9.19296E-06
669.8708929	9.70824E-06
669.9913919	9.42718E-06
670.1118926	1.04694E-05
670.2323948	9.76679E-06
670.3528986	1.0165E-05
670.473404	9.23981E-06
670.593911	9.3452E-06
670.7144195	9.76679E-06
670.8349296	9.23981E-06
670.9554413	9.59113E-06
671.0759545	8.72453E-06
671.1964693	8.2561E-06
671.3169857	7.35437E-06
671.4375036	7.03818E-06
671.5580231	8.56058E-06
671.6785441	8.78308E-06
671.7990667	9.18125E-06
671.9195909	8.584E-06
672.0401166	5.9725E-06
672.1606439	1.72031E-05
672.2811727	1.4252E-05
672.4017031	2.84338E-05
672.522235	1.42872E-05
672.6427685	2.92067E-05
672.7633035	1.50015E-05
672.8838401	3.08696E-05
673.0043782	1.60555E-05
673.1249178	3.19821E-05
673.245459	1.62546E-05
673.3660017	3.05417E-05
673.486546	1.46385E-05
673.6070918	2.96166E-05
673.7276391	1.52123E-05
673.848188	3.08696E-05
673.9687384	1.56807E-05
674.0892903	3.11155E-05
674.2098437	1.57627E-05
674.3303987	2.86211E-05
674.4509552	1.3362E-05
674.5715132	2.73681E-05
674.6920727	1.46619E-05
674.8126338	2.86797E-05
674.9331964	1.43925E-05
675.0537605	2.96868E-05
675.1743261	1.54817E-05
675.2948932	3.06237E-05
675.4154618	1.52123E-05
675.536032	3.15137E-05
675.6566036	1.636E-05
675.7771768	3.2029E-05
675.8977515	1.57276E-05
676.0183276	3.08696E-05
676.1389053	1.52943E-05
676.2594845	2.99913E-05
676.3800651	1.48376E-05
676.5006473	2.9558E-05
676.621231	1.49195E-05
676.7418161	3.05651E-05
676.8624028	1.57627E-05
676.9829909	2.96634E-05
677.1035806	1.40764E-05
677.2241717	2.91247E-05
677.3447643	1.53997E-05
677.4653584	3.03661E-05
677.585954	1.53294E-05
677.7065511	3.05886E-05
677.8271496	1.55168E-05
677.9477496	3.11624E-05
678.0683511	1.56807E-05
678.1889541	3.01318E-05
678.3095586	1.48258E-05
678.4301645	2.91481E-05
678.5507719	1.4779E-05
678.6713807	2.84923E-05
678.7919911	1.43106E-05
678.9126029	2.74032E-05
679.0332162	1.35025E-05
679.1538309	2.8059E-05
679.2744471	1.4943E-05
679.3950647	3.09399E-05
679.5156839	1.6278E-05
679.6363044	3.04246E-05
679.7569265	1.43106E-05
679.87755	3.08111E-05
679.9981749	1.66059E-05
680.1188013	3.09984E-05
680.2394291	1.46151E-05
680.3600584	2.9195E-05
680.4806892	1.48024E-05
680.6013213	2.92067E-05
680.721955	1.46385E-05
680.84259	2.86563E-05
680.9632265	1.42872E-05
681.0838645	2.87383E-05
681.2045039	1.46619E-05
681.3251447	2.75906E-05
681.4457869	1.32449E-05
681.5664306	2.81878E-05
681.6870758	1.51069E-05
681.8077223	3.15488E-05
681.9283703	1.67698E-05
682.0490197	3.19002E-05
682.1696705	1.53997E-05
682.2903228	3.04246E-05
682.4109765	1.52357E-05
682.5316316	3.00147E-05
682.6522881	1.48376E-05
682.772946	3.00382E-05
682.8936054	1.52357E-05
683.0142661	3.02841E-05
683.1349283	1.51655E-05
683.2555919	3.04832E-05
683.3762569	1.54348E-05
683.4969233	2.73447E-05
683.6175911	1.22143E-05
683.7382604	2.61736E-05
683.858931	1.41818E-05
683.979603	3.053E-05
684.1002765	1.66059E-05
684.2209513	3.3528E-05
684.3416275	1.70392E-05
684.4623051	3.15488E-05
684.5829841	1.46619E-05
684.7036646	3.00382E-05
684.8243464	1.55402E-05
684.9450295	3.1865E-05
685.0657141	1.65239E-05
685.1864001	3.16308E-05
685.3070874	1.53997E-05
685.4277762	3.04832E-05
685.5484663	1.53294E-05
685.6691578	3.22749E-05
685.7898507	1.72031E-05
685.9105449	3.28487E-05
686.0312406	1.58213E-05
686.1519376	3.16308E-05
686.272636	1.61609E-05
686.3933357	3.1947E-05
686.5140368	1.62429E-05
686.6347393	3.01201E-05
686.7554432	1.45916E-05
686.8761484	3.11624E-05
686.996855	1.71797E-05
687.1175629	2.98625E-05
687.2382722	1.31629E-05
687.3589829	2.70168E-05
687.4796949	1.40646E-05
687.6004083	2.89608E-05
687.721123	1.50015E-05
687.8418391	3.15254E-05
687.9625566	1.65473E-05
688.0832754	3.34577E-05
688.2039955	1.70392E-05
688.324717	3.1865E-05
688.4454398	1.50015E-05
688.566164	2.93355E-05
688.6868895	1.45097E-05
688.8076164	2.95229E-05
688.9283446	1.50718E-05
689.0490741	3.08696E-05
689.169805	1.58213E-05
689.2905372	3.01553E-05
689.4112707	1.43691E-05
689.5320056	2.90427E-05
689.6527418	1.47205E-05
689.7734793	3.06237E-05
689.8942181	1.60321E-05
690.0149583	3.16308E-05
690.1356998	1.57861E-05
690.2564426	3.1865E-05
690.3771868	1.63248E-05
690.4979322	3.22866E-05
690.618679	1.62546E-05
690.7394271	3.09165E-05
690.8601765	1.49664E-05
690.9809273	3.04832E-05
691.1016793	1.58447E-05
691.2224326	3.11858E-05
691.3431873	1.55168E-05
691.4639433	3.01318E-05
691.5847005	1.4697E-05
691.7054591	2.87851E-05
691.826219	1.41466E-05
691.9469801	2.98508E-05
692.0677426	1.57627E-05
692.1885064	3.05651E-05
692.3092714	1.4943E-05
692.4300378	2.9031E-05
692.5508054	1.417E-05
692.6715744	3.01201E-05
692.7923446	1.60906E-05
692.9131161	3.13263E-05
693.0338889	1.53294E-05
693.154663	3.03426E-05
693.2754384	1.51655E-05
693.3962151	2.99445E-05
693.516993	1.50718E-05
693.6377722	2.99445E-05
693.7585527	1.51655E-05
693.8793345	3.15254E-05
694.0001175	1.65825E-05
694.1209018	3.09165E-05
694.2416874	1.4416E-05
694.3624743	2.99679E-05
694.4832624	1.55988E-05
694.6040518	3.02607E-05
694.7248424	1.47205E-05
694.8456344	2.91716E-05
694.9664275	1.48258E-05
695.087222	3.02372E-05
695.2080177	1.58213E-05
695.3288147	2.88437E-05
695.4496129	1.34908E-05
695.5704123	2.94995E-05
695.6912131	1.6278E-05
695.812015	3.04012E-05
695.9328183	1.43457E-05
696.0536227	2.964E-05
696.1744284	1.55636E-05
696.2952354	3.03192E-05
696.4160436	1.4943E-05
696.5368531	2.8949E-05
696.6576637	1.4416E-05
696.7784757	2.77311E-05
696.8992888	1.36665E-05
697.0201032	2.86329E-05
697.1409189	1.52474E-05
697.2617357	2.964E-05
697.3825538	1.44979E-05
697.5033732	2.8949E-05
697.6241937	1.44979E-05
697.7450155	2.9031E-05
697.8658385	1.45799E-05
697.9866627	2.83284E-05
698.1074882	1.37719E-05
698.2283149	2.98274E-05
698.3491427	1.6278E-05
698.4699718	3.02138E-05
698.5908022	1.41818E-05
698.7116337	2.9722E-05
698.8324665	1.57627E-05
698.9533004	3.08111E-05
699.0741356	1.50718E-05
699.194972	3.11624E-05
699.3158096	1.62429E-05
699.4366483	3.16777E-05
699.5574883	1.55753E-05
699.6783295	3.17362E-05
699.7991719	1.64068E-05
699.9200155	3.14669E-05
700.0408603	1.52123E-05
700.1617063	2.98039E-05
700.2825535	1.48258E-05
700.4034019	3.07057E-05
700.5242514	1.62546E-05
700.6451022	2.92769E-05
700.7659541	1.33386E-05
700.8868072	2.97688E-05
701.0076616	1.70977E-05
701.1285171	3.09399E-05
701.2493737	1.44745E-05
701.3702316	2.90076E-05
701.4910906	1.51655E-05
701.6119508	2.91716E-05
701.7328122	1.43106E-05
701.8536748	2.76726E-05
701.9745385	1.34674E-05
702.0954034	2.85509E-05
702.2162695	1.51889E-05
702.3371368	3.11155E-05
702.4580052	1.61726E-05
702.5788748	3.09984E-05
702.6997455	1.50835E-05
702.8206174	3.04012E-05
702.9414905	1.84562E-05
703.0623647	2.21451E-05
703.1832401	9.3452E-06
703.3041166	9.02901E-06
703.4249943	8.97046E-06
703.5458731	1.02001E-05
703.6667531	1.17459E-05
703.7876342	1.13477E-05
703.9085165	1.04929E-05
704.0294	1.0083E-05
704.1502845	1.01415E-05
704.2711703	9.89561E-06
704.3920571	9.32178E-06
704.5129451	9.23981E-06
704.6338343	9.19296E-06
704.7547245	9.07585E-06
704.875616	1.01415E-05
704.9965085	1.14766E-05
705.1174022	1.16991E-05
705.238297	1.04694E-05
705.3591929	9.13441E-06
705.48009	9.54429E-06
705.6009882	1.11252E-05
705.7218875	1.10433E-05
705.842788	1.07973E-05
705.9636895	8.61913E-06
706.0845922	9.35691E-06
706.205496	9.91903E-06
706.3264009	1.07154E-05
706.447307	9.95416E-06
706.5682141	9.52086E-06
706.6891224	9.91903E-06
706.8100317	9.89561E-06
706.9309422	9.46231E-06
707.0518538	9.70824E-06
707.1727665	1.11487E-05
707.2936803	1.10433E-05
707.4145952	9.50915E-06
707.5355112	9.62626E-06
707.6564283	1.06802E-05
707.7773465	1.16991E-05
707.8982658	1.0001E-05
708.0191862	9.76679E-06
708.1401077	9.23981E-06
708.2610303	1.0165E-05
708.3819539	1.04226E-05
708.5028787	1.10433E-05
708.6238046	1.13946E-05
708.7447315	1.1336E-05
708.8656595	1.10198E-05
708.9865886	1.08793E-05
709.1075188	9.59113E-06
709.2284501	9.64968E-06
709.3493824	9.73166E-06
709.4703158	1.06334E-05
709.5912503	1.061E-05
709.7121859	1.07622E-05
709.8331225	1.07622E-05
709.9540602	1.08442E-05
710.074999	9.70824E-06
710.1959389	1.11018E-05
710.3168798	1.08793E-05
710.4378218	1.11487E-05
710.5587648	9.64968E-06
710.6797089	9.76679E-06
710.8006541	1.02001E-05
710.9216003	1.03055E-05
711.0425476	9.76679E-06
711.1634959	8.80651E-06
711.2844453	8.34979E-06
711.4053957	8.94704E-06
711.5263472	9.87219E-06
711.6472998	1.11487E-05
711.7682533	1.1582E-05
711.889208	1.16991E-05
712.0101637	9.46231E-06
712.1311204	8.99388E-06
712.2520781	7.79938E-06
712.3730369	8.45518E-06
712.4939968	8.18584E-06
712.6149576	9.26323E-06
712.7359196	1.04929E-05
712.8568825	1.05983E-05
712.9778465	1.02001E-05
713.0988115	9.73166E-06
713.2197775	9.70824E-06
713.3407446	9.64968E-06
713.4617127	1.04226E-05
713.5826818	1.04694E-05
713.7036519	1.03406E-05
713.8246231	9.23981E-06
713.9455953	9.27494E-06
714.0665685	9.52086E-06
714.1875427	1.02469E-05
714.3085179	1.16991E-05
714.4294942	1.00127E-05
714.5504714	9.70824E-06
714.6714497	8.85335E-06
714.792429	1.10198E-05
714.9134092	1.06802E-05
715.0343905	1.11487E-05
715.1553728	1.20504E-05
715.2763561	1.19099E-05
715.3973404	1.04109E-05
715.5183257	9.95416E-06
715.639312	9.52086E-06
715.7602993	1.17459E-05
715.8812876	1.01181E-05
716.0022769	1.13946E-05
716.1232671	8.82993E-06
716.2442584	1.00596E-05
716.3652506	9.09928E-06
716.4862439	9.83706E-06
716.6072381	9.19296E-06
716.7282333	9.18125E-06
716.8492295	9.38033E-06
716.9702267	9.05243E-06
717.0912248	9.26323E-06
717.212224	9.05243E-06
717.3332241	9.11099E-06
717.4542252	8.67769E-06
717.5752272	8.10386E-06
717.6962302	8.97046E-06
717.8172342	9.60284E-06
717.9382392	1.09613E-05
718.0592451	1.05983E-05
718.180252	1.07739E-05
718.3012599	9.18125E-06
718.4222687	9.50915E-06
718.5432785	9.19296E-06
718.6642893	1.06919E-05
718.785301	1.03875E-05
718.9063136	1.05748E-05
719.0273273	9.6731E-06
719.1483418	1.03055E-05
719.2693574	9.95416E-06
719.3903738	1.09847E-05
719.5113913	9.81363E-06
719.6324096	1.00947E-05
719.7534289	9.05243E-06
719.8744492	9.3452E-06
719.9954704	8.56058E-06
720.1164925	8.70111E-06
720.2375156	8.42005E-06
720.3585397	9.19296E-06
720.4795646	9.38033E-06
720.6005905	1.0364E-05
720.7216173	9.52086E-06
720.8426451	1.05514E-05
720.9636738	9.43889E-06
721.0847034	9.52086E-06
721.2057339	9.27494E-06
721.3267654	9.83706E-06
721.4477978	1.0083E-05
721.5688311	8.51374E-06
721.6898654	8.37321E-06
721.8109005	9.59113E-06
721.9319366	1.02586E-05
722.0529736	1.12658E-05
722.1740115	9.6731E-06
722.2950503	1.09027E-05
722.4160901	1.10081E-05
722.5371307	1.18279E-05
722.6581722	1.06919E-05
722.7792147	9.56771E-06
722.9002581	9.05243E-06
723.0213023	9.35691E-06
723.1423475	9.81363E-06
723.2633936	9.91903E-06
723.3844406	1.0364E-05
723.5054884	1.09613E-05
723.6265372	1.16171E-05
723.7475869	1.13126E-05
723.8686374	9.56771E-06
723.9896889	9.95416E-06
724.1107412	1.00127E-05
724.2317944	1.02821E-05
724.3528485	8.88848E-06
724.4739035	8.94704E-06
724.5949594	9.42718E-06
724.7160162	1.00947E-05
724.8370738	1.03406E-05
724.9581323	1.04226E-05
725.0791918	9.21638E-06
725.200252	8.37321E-06
725.3213132	1.00361E-05
725.4423752	1.16991E-05
725.5634381	1.24017E-05
725.6845019	1.10901E-05
725.8055665	9.75508E-06
725.926632	9.38033E-06
726.0476984	9.48573E-06
726.1687656	1.0083E-05
726.2898337	9.29836E-06
726.4109027	9.64968E-06
726.5319725	1.02235E-05
726.6530432	1.11018E-05
726.7741147	1.02586E-05
726.8951871	9.91903E-06
727.0162603	1.12658E-05
727.1373344	1.19918E-05
727.2584094	1.13946E-05
727.3794852	1.02001E-05
727.5005618	9.46231E-06
727.6216393	1.02001E-05
727.7427176	9.19296E-06
727.8637968	9.73166E-06
727.9848768	8.88848E-06
728.1059576	1.07388E-05
728.2270393	9.81363E-06
728.3481219	1.02001E-05
728.4692052	8.29123E-06
728.5902894	9.21638E-06
728.7113744	9.60284E-06
728.8324603	1.02001E-05
728.953547	1.01415E-05
729.0746345	1.07622E-05
729.1957228	1.0364E-05
729.316812	1.06919E-05
729.437902	9.6731E-06
729.5589928	1.06919E-05
729.6800844	9.81363E-06
729.8011768	1.12541E-05
729.9222701	1.10433E-05
730.0433641	1.18045E-05
730.164459	1.0001E-05
730.2855547	9.3452E-06
730.4066512	7.76425E-06
730.5277485	9.59113E-06
730.6488467	8.59571E-06
730.7699456	9.48573E-06
730.8910453	7.74083E-06
731.0121458	8.51374E-06
731.1332472	8.56058E-06
731.2543493	1.01415E-05
731.3754522	9.68482E-06
731.496556	1.01415E-05
731.6176605	8.74795E-06
731.7387658	8.61913E-06
731.8598719	7.63543E-06
731.9809788	8.584E-06
732.1020865	8.64256E-06
732.2231949	9.35691E-06
732.3443042	8.9119E-06
732.4654142	9.60284E-06
732.5865251	9.79021E-06
732.7076367	9.43889E-06
732.828749	9.0173E-06
732.9498622	8.56058E-06
733.0709761	1.00127E-05
733.1920909	1.07154E-05
733.3132063	1.07739E-05
733.4343226	9.50915E-06
733.5554396	9.23981E-06
733.6765574	9.91903E-06
733.797676	9.64968E-06
733.9187953	6.97962E-06
734.0399154	1.97678E-05
734.1610362	1.70158E-05
734.2821578	3.12444E-05
734.4032802	1.4697E-05
734.5244033	2.93941E-05
734.6455272	1.4861E-05
734.7666519	2.88202E-05
734.8877773	1.39944E-05
735.0089034	3.20407E-05
735.1300303	1.80814E-05
735.2511579	3.43828E-05
735.3722863	1.63014E-05
735.4934155	3.31298E-05
735.6145453	1.68284E-05
735.735676	3.29893E-05
735.8568073	1.61726E-05
735.9779394	3.34577E-05
736.0990723	1.73085E-05
736.2202058	3.29658E-05
736.3413401	1.56807E-05
736.4624752	3.38324E-05
736.583611	1.81868E-05
736.7047475	3.38676E-05
736.8258847	1.57276E-05
736.9470226	3.1865E-05
737.0681613	1.62194E-05
737.1893007	3.41135E-05
737.3104409	1.79409E-05
737.4315817	3.50972E-05
737.5527233	1.72031E-05
737.6738656	3.49215E-05
737.7950086	1.77535E-05
737.9161523	3.47927E-05
738.0372967	1.70743E-05
738.1584418	3.51792E-05
738.2795877	1.81517E-05
738.4007343	3.55539E-05
738.5218815	1.74256E-05
738.6430295	3.58233E-05
738.7641782	1.84093E-05
738.8853275	3.46873E-05
739.0064776	1.63014E-05
739.1276284	3.22281E-05
739.2487799	1.59267E-05
739.369932	3.34577E-05
739.4910849	1.75662E-05
739.6122385	3.26379E-05
739.7333927	1.51069E-05
739.8545476	3.12444E-05
739.9757033	1.6196E-05
740.0968596	3.43477E-05
740.2180166	1.81634E-05
740.3391743	3.51792E-05
740.4603326	1.70392E-05
740.5814917	3.5308E-05
740.7026514	1.84328E-05
740.8238118	3.52729E-05
740.9449729	1.70743E-05
741.0661346	3.30947E-05
741.187297	1.62546E-05
741.3084601	3.44414E-05
741.4296239	1.82688E-05
741.5507883	3.37036E-05
741.6719534	1.54348E-05
741.7931192	3.14903E-05
741.9142856	1.60555E-05
742.0354527	3.2474E-05
742.1566204	1.64185E-05
742.2777888	3.49333E-05
742.3989579	1.85147E-05
742.5201276	3.59287E-05
742.641298	1.74022E-05
742.762469	3.34577E-05
742.8836407	1.60555E-05
743.004813	3.40784E-05
743.125986	1.80229E-05
743.2471596	3.55539E-05
743.3683339	1.7531E-05
743.4895088	3.49333E-05
743.6106844	1.77184E-05
743.7318606	3.37739E-05
743.8530374	1.636E-05
743.9742149	3.2474E-05
744.095393	1.65005E-05
744.2165717	3.51441E-05
744.3377511	1.87255E-05
744.4589311	3.57999E-05
744.5801117	1.71563E-05
744.701293	3.45702E-05
744.8224749	1.74022E-05
744.9436574	3.43009E-05
745.0648405	1.68987E-05
745.1860243	3.33172E-05
745.3072087	1.64185E-05
745.4283937	3.1865E-05
745.5495793	2.31522E-05