WAVELENGTH	NORM_INTENSITY
320.1481763	0
320.256863	0
320.3655559	0
320.474255	0
320.5829603	0
320.6916719	0
320.8003897	0
320.9091138	0
321.0178441	0
321.1265806	0
321.2353233	0
321.3440723	0
321.4528275	0
321.5615889	0
321.6703565	0
321.7791304	0
321.8879104	0
321.9966967	0
322.1054892	0
322.2142879	0
322.3230929	0
322.431904	0
322.5407213	0
322.6495449	0
322.7583746	0
322.8672106	0
322.9760527	0
323.0849011	0
323.1937556	0
323.3026164	0
323.4114833	0
323.5203565	0
323.6292358	0
323.7381213	0
323.8470131	0
323.955911	0
324.0648151	0
324.1737253	0
324.2826418	0
324.3915644	0
324.5004933	0
324.6094283	0
324.7183694	0
324.8273168	0
324.9362703	0
325.04523	0
325.1541959	0
325.2631679	0
325.3721461	0
325.4811305	0
325.5901211	0
325.6991178	0
325.8081206	0
325.9171296	0
326.0261448	0
326.1351662	0
326.2441937	0
326.3532273	0
326.4622671	0
326.5713131	0
326.6803652	0
326.7894234	0
326.8984878	0
327.0075584	0
327.1166351	0
327.2257179	0
327.3348069	0
327.443902	0
327.5530032	0
327.6621106	0
327.7712241	0
327.8803438	0
327.9894696	0
328.0986015	0
328.2077395	0
328.3168837	0
328.426034	0
328.5351904	0
328.6443529	0
328.7535216	0
328.8626963	0
328.9718772	0
329.0810642	0
329.1902574	0
329.2994566	0
329.4086619	0
329.5178734	0
329.6270909	0
329.7363146	0
329.8455444	0
329.9547803	0
330.0640222	0
330.1732703	0
330.2825245	0
330.3917848	0
330.5010511	0
330.6103236	0
330.7196021	0
330.8288868	0
330.9381775	0
331.0474743	0
331.1567773	0
331.2660862	0
331.3754013	0
331.4847225	0
331.5940497	0
331.703383	0
331.8127224	0
331.9220679	0
332.0314194	0
332.1407771	0
332.2501408	6.73126E-06
332.3595105	4.06291E-06
332.4688863	4.38136E-06
332.5782682	7.06068E-06
332.6876562	6.41281E-06
332.7970502	6.41281E-06
332.9064503	7.06068E-06
333.0158564	8.66389E-06
333.1252686	9.19097E-06
333.2346869	7.26932E-06
333.3441112	7.48894E-06
333.4535416	6.41281E-06
333.562978	6.09437E-06
333.6724204	5.23786E-06
333.781869	5.55631E-06
333.8913235	5.77593E-06
334.0007841	5.45748E-06
334.1102508	3.63466E-06
334.2197235	4.60097E-06
334.3292022	4.38136E-06
334.438687	5.12806E-06
334.5481778	6.84107E-06
334.6576747	7.58776E-06
334.7671776	8.23563E-06
334.8766865	8.87252E-06
334.9862015	8.98233E-06
335.0957225	9.61922E-06
335.2052495	6.73126E-06
335.3147825	9.09214E-06
335.4243216	7.37913E-06
335.5338667	8.87252E-06
335.6434178	5.55631E-06
335.752975	6.41281E-06
335.8625381	7.37913E-06
335.9721073	1.1442E-05
336.0816825	1.15519E-05
336.1912637	1.00475E-05
336.3008509	5.55631E-06
336.4104442	3.63466E-06
336.5200434	1.17495E-06
336.6296487	3.42602E-06
336.7392599	8.23563E-06
336.8488772	9.09214E-06
336.9585005	8.98233E-06
337.0681298	6.52262E-06
337.1777651	7.91719E-06
337.2874063	8.7737E-06
337.3970536	6.63243E-06
337.5067069	6.73126E-06
337.6163662	6.95088E-06
337.7260314	1.12224E-05
337.8357027	1.02671E-05
337.9453799	9.94865E-06
338.0550632	7.37913E-06
338.1647524	7.06068E-06
338.2744476	6.20418E-06
338.3841488	6.63243E-06
338.493856	6.09437E-06
338.6035691	6.41281E-06
338.7132883	7.69757E-06
338.8230134	7.06068E-06
338.9327445	8.55408E-06
339.0424816	6.20418E-06
339.1522246	6.84107E-06
339.2619736	4.80961E-06
339.3717286	8.01602E-06
339.4814896	8.87252E-06
339.5912565	8.76272E-06
339.7010294	7.26932E-06
339.8108082	8.44427E-06
339.9205931	8.44427E-06
340.0303838	8.23563E-06
340.1401806	7.48894E-06
340.2499833	9.41059E-06
340.3597919	9.72903E-06
340.4696065	9.19097E-06
340.5794271	7.37913E-06
340.6892536	5.23786E-06
340.7990861	5.45748E-06
340.9089245	8.01602E-06
341.0187689	8.87252E-06
341.1286192	1.03769E-05
341.2384754	6.95088E-06
341.3483376	9.52039E-06
341.4582057	9.19097E-06
341.5680798	9.61922E-06
341.6779598	1.02671E-05
341.7878458	9.30078E-06
341.8977377	1.30452E-05
342.0076355	9.41059E-06
342.1175392	8.55408E-06
342.2274489	4.6998E-06
342.3373645	6.09437E-06
342.4472861	8.55408E-06
342.5572135	8.23563E-06
342.6671469	8.87252E-06
342.7770862	7.37913E-06
342.8870315	8.01602E-06
342.9969826	5.55631E-06
343.1069397	4.38136E-06
343.2169027	5.55631E-06
343.3268716	9.52039E-06
343.4368464	1.06953E-05
343.5468271	9.83884E-06
343.6568138	9.30078E-06
343.7668063	7.37913E-06
343.8768048	7.26932E-06
343.9868091	5.12806E-06
344.0968194	8.23563E-06
344.2068356	8.44427E-06
344.3168576	8.55408E-06
344.4268856	8.12583E-06
344.5369195	8.66389E-06
344.6469592	8.7737E-06
344.7570049	8.01602E-06
344.8670565	5.98456E-06
344.9771139	7.58776E-06
345.0871772	8.87252E-06
345.1972465	1.15519E-05
345.3073216	1.02671E-05
345.4174026	9.61922E-06
345.5274894	8.44427E-06
345.6375822	8.01602E-06
345.7476809	7.80738E-06
345.8577854	7.80738E-06
345.9678958	7.37913E-06
346.0780121	9.19097E-06
346.1881342	8.55408E-06
346.2982622	9.61922E-06
346.4083961	7.26932E-06
346.5185359	8.44427E-06
346.6286816	7.80738E-06
346.7388331	7.37913E-06
346.8489904	7.06068E-06
346.9591537	4.91942E-06
347.0693228	6.20418E-06
347.1794977	5.34767E-06
347.2896786	7.06068E-06
347.3998652	6.20418E-06
347.5100578	7.06068E-06
347.6202562	8.44427E-06
347.7304604	7.91719E-06
347.8406705	6.63243E-06
347.9508864	8.12583E-06
348.0611082	1.00475E-05
348.1713359	1.08052E-05
348.2815694	8.44427E-06
348.3918087	7.06068E-06
348.5020539	6.31399E-06
348.6123049	5.77593E-06
348.7225617	5.23786E-06
348.8328244	8.01602E-06
348.943093	6.09437E-06
349.0533673	6.95088E-06
349.1636475	7.58776E-06
349.2739335	9.72903E-06
349.3842254	1.03769E-05
349.4945231	6.09437E-06
349.6048266	5.23786E-06
349.7151359	4.28253E-06
349.8254511	7.69757E-06
349.9357721	8.01602E-06
350.0460989	8.87252E-06
350.1564315	8.98233E-06
350.26677	7.91719E-06
350.3771142	6.63243E-06
350.4874643	4.49117E-06
350.5978202	5.88573E-06
350.7081819	4.80961E-06
350.8185494	5.88573E-06
350.9289227	6.41281E-06
351.0393019	6.95088E-06
351.1496868	6.41281E-06
351.2600775	5.77593E-06
351.3704741	6.41281E-06
351.4808764	5.12806E-06
351.5912846	5.45748E-06
351.7016985	4.91942E-06
351.8121182	6.41281E-06
351.9225438	7.80738E-06
352.0329751	8.98233E-06
352.1434122	8.23563E-06
352.2538551	7.37913E-06
352.3643038	8.23563E-06
352.4747583	7.06068E-06
352.5852186	6.95088E-06
352.6956846	5.66612E-06
352.8061564	8.44427E-06
352.9166341	1.08052E-05
353.0271175	9.83884E-06
353.1376066	7.91719E-06
353.2481016	7.26932E-06
353.3586023	6.84107E-06
353.4691088	9.94865E-06
353.5796211	1.00475E-05
353.6901391	1.0904E-05
353.8006629	9.41059E-06
353.9111925	8.7737E-06
354.0217278	7.37913E-06
354.1322689	5.88573E-06
354.2428158	2.14127E-06
354.3533684	3.20641E-06
354.4639268	5.12806E-06
354.5744909	8.12583E-06
354.6850608	8.44427E-06
354.7956365	7.06068E-06
354.9062179	5.23786E-06
355.0168051	7.58776E-06
355.127398	8.23563E-06
355.2379966	8.44427E-06
355.348601	5.98456E-06
355.4592112	4.17272E-06
355.5698271	6.63243E-06
355.6804487	7.15951E-06
355.7910761	7.80738E-06
355.9017092	6.95088E-06
356.0123481	7.80738E-06
356.1229926	7.69757E-06
356.233643	8.44427E-06
356.344299	8.66389E-06
356.4549608	1.03769E-05
356.5656283	8.34544E-06
356.6763016	8.55408E-06
356.7869806	8.66389E-06
356.8976653	9.41059E-06
357.0083557	8.01602E-06
357.1190518	7.15951E-06
357.2297537	8.98233E-06
357.3404613	7.91719E-06
357.4511746	6.09437E-06
357.5618936	5.88573E-06
357.6726184	8.12583E-06
357.7833488	9.52039E-06
357.894085	6.31399E-06
358.0048268	4.91942E-06
358.1155744	5.45748E-06
358.2263277	8.87252E-06
358.3370867	9.72903E-06
358.4478514	9.09214E-06
358.5586218	8.12583E-06
358.6693979	1.13322E-05
358.7801797	1.19801E-05
358.8909672	1.20789E-05
359.0017604	8.12583E-06
359.1125592	8.44427E-06
359.2233638	5.45748E-06
359.3341741	7.15951E-06
359.44499	5.45748E-06
359.5558117	6.95088E-06
359.666639	4.91942E-06
359.777472	6.63243E-06
359.8883108	6.52262E-06
359.9991551	6.84107E-06
360.1100052	5.88573E-06
360.2208609	7.37913E-06
360.3317224	6.63243E-06
360.4425895	7.58776E-06
360.5534622	7.58776E-06
360.6643407	9.83884E-06
360.7752248	7.91719E-06
360.8861146	5.45748E-06
360.9970101	5.88573E-06
361.1079112	8.01602E-06
361.218818	1.05855E-05
361.3297304	1.11236E-05
361.4406485	1.0904E-05
361.5515723	9.61922E-06
361.6625017	8.87252E-06
361.7734368	1.00475E-05
361.8843776	9.52039E-06
361.995324	9.30078E-06
362.106276	6.52262E-06
362.2172337	5.23786E-06
362.3281971	7.37913E-06
362.4391661	8.66389E-06
362.5501408	1.05855E-05
362.6611211	7.15951E-06
362.772107	6.73126E-06
362.8830986	7.48894E-06
362.9940958	6.52262E-06
363.1050987	6.95088E-06
363.2161072	6.31399E-06
363.3271213	7.48894E-06
363.4381411	7.69757E-06
363.5491665	7.80738E-06
363.6601975	9.61922E-06
363.7712342	8.44427E-06
363.8822765	7.37913E-06
363.9933244	5.34767E-06
364.1043779	8.7737E-06
364.2154371	8.23563E-06
364.3265019	8.01602E-06
364.4375723	4.38136E-06
364.5486483	4.91942E-06
364.65973	5.45748E-06
364.7708172	6.20418E-06
364.8819101	6.63243E-06
364.9930086	8.44427E-06
365.1041127	9.52039E-06
365.2152224	9.72903E-06
365.3263377	7.80738E-06
365.4374587	6.09437E-06
365.5485852	5.88573E-06
365.6597173	6.52262E-06
365.7708551	8.34544E-06
365.8819984	1.08052E-05
365.9931473	1.01573E-05
366.1043019	9.19097E-06
366.215462	7.06068E-06
366.3266277	9.09214E-06
366.437799	8.34544E-06
366.5489759	9.30078E-06
366.6601584	6.95088E-06
366.7713465	8.66389E-06
366.8825402	7.91719E-06
366.9937395	7.69757E-06
367.1049443	7.91719E-06
367.2161547	8.23563E-06
367.3273707	8.23563E-06
367.4385923	8.44427E-06
367.5498195	9.41059E-06
367.6610522	1.15519E-05
367.7722905	1.08052E-05
367.8835344	1.02671E-05
367.9947838	9.09214E-06
368.1060389	7.80738E-06
368.2172995	5.66612E-06
368.3285656	6.31399E-06
368.4398373	8.01602E-06
368.5511146	1.06953E-05
368.6623975	9.09214E-06
368.7736859	1.00475E-05
368.8849798	8.87252E-06
368.9962794	1.01573E-05
369.1075844	8.7737E-06
369.2188951	1.01573E-05
369.3302113	8.87252E-06
369.441533	7.06068E-06
369.5528603	6.73126E-06
369.6641931	6.84107E-06
369.7755315	1.01573E-05
369.8868754	7.69757E-06
369.9982249	8.55408E-06
370.1095799	6.09437E-06
370.2209405	1.00475E-05
370.3323066	8.87252E-06
370.4436782	7.48894E-06
370.5550554	4.38136E-06
370.6664381	6.52262E-06
370.7778263	7.69757E-06
370.8892201	7.37913E-06
371.0006193	6.31399E-06
371.1120242	7.06068E-06
371.2234345	8.98233E-06
371.3348504	8.44427E-06
371.4462718	7.58776E-06
371.5576987	7.15951E-06
371.6691311	8.44427E-06
371.7805691	7.06068E-06
371.8920126	5.12806E-06
372.0034616	5.02923E-06
372.1149161	6.84107E-06
372.2263761	7.80738E-06
372.3378416	5.77593E-06
372.4493126	6.41281E-06
372.5607892	5.98456E-06
372.6722712	6.20418E-06
372.7837588	3.52485E-06
372.8952518	6.09437E-06
373.0067504	7.48894E-06
373.1182545	1.12224E-05
373.229764	8.55408E-06
373.3412791	6.20418E-06
373.4527996	5.55631E-06
373.5643257	4.80961E-06
373.6758572	8.76272E-06
373.7873942	7.58776E-06
373.8989368	9.09214E-06
374.0104848	5.77593E-06
374.1220383	6.20418E-06
374.2335972	6.95088E-06
374.3451617	9.83884E-06
374.4567316	9.83884E-06
374.5683071	8.98233E-06
374.679888	6.84107E-06
374.7914743	6.84107E-06
374.9030662	5.77593E-06
375.0146635	6.41281E-06
375.1262663	6.52262E-06
375.2378746	8.98233E-06
375.3494883	8.01602E-06
375.4611075	7.37913E-06
375.5727322	4.38136E-06
375.6843624	5.34767E-06
375.795998	8.7737E-06
375.907639	1.1442E-05
376.0192856	1.08052E-05
376.1309375	7.69757E-06
376.242595	5.77593E-06
376.3542579	6.31399E-06
376.4659262	7.91719E-06
376.5776	8.7737E-06
376.6892793	8.12583E-06
376.800964	6.63243E-06
376.9126541	7.15951E-06
377.0243497	7.15951E-06
377.1360508	6.41281E-06
377.2477573	6.20418E-06
377.3594692	6.09437E-06
377.4711865	8.44427E-06
377.5829094	7.37913E-06
377.6946376	8.44427E-06
377.8063713	7.06068E-06
377.9181104	8.98233E-06
378.0298549	8.98233E-06
378.1416049	9.30078E-06
378.2533603	1.01573E-05
378.3651211	1.33637E-05
378.4768874	1.28366E-05
378.5886591	9.83884E-06
378.7004362	5.98456E-06
378.8122187	5.98456E-06
378.9240067	7.48894E-06
379.0358	7.26932E-06
379.1475988	5.88573E-06
379.259403	5.45748E-06
379.3712126	4.6998E-06
379.4830276	4.49117E-06
379.5948481	3.74447E-06
379.7066739	6.20418E-06
379.8185052	7.58776E-06
379.9303418	6.73126E-06
380.0421839	5.55631E-06
380.1540314	5.66612E-06
380.2658842	8.98233E-06
380.3777425	9.09214E-06
380.4896062	9.41059E-06
380.6014752	7.06068E-06
380.7133497	7.91719E-06
380.8252295	8.44427E-06
380.9371148	7.91719E-06
381.0490054	8.12583E-06
381.1609014	8.44427E-06
381.2728028	9.83884E-06
381.3847096	8.34544E-06
381.4966218	7.15951E-06
381.6085394	8.12583E-06
381.7204623	8.98233E-06
381.8323907	8.23563E-06
381.9443244	6.84107E-06
382.0562634	5.98456E-06
382.1682079	5.45748E-06
382.2801577	5.77593E-06
382.3921129	5.55631E-06
382.5040735	6.84107E-06
382.6160394	4.80961E-06
382.7280108	5.23786E-06
382.8399874	6.31399E-06
382.9519695	7.80738E-06
383.0639569	8.44427E-06
383.1759496	5.77593E-06
383.2879478	5.12806E-06
383.3999513	4.60097E-06
383.5119601	6.09437E-06
383.6239743	7.91719E-06
383.7359938	8.44427E-06
383.8480187	8.01602E-06
383.960049	5.23786E-06
384.0720846	6.63243E-06
384.1841255	7.80738E-06
384.2961718	8.87252E-06
384.4082235	7.69757E-06
384.5202805	7.69757E-06
384.6323428	8.23563E-06
384.7444104	6.84107E-06
384.8564835	6.09437E-06
384.9685618	5.34767E-06
385.0806455	7.91719E-06
385.1927345	8.44427E-06
385.3048288	8.55408E-06
385.4169285	7.48894E-06
385.5290335	6.09437E-06
385.6411438	7.06068E-06
385.7532595	6.63243E-06
385.8653804	9.09214E-06
385.9775067	9.61922E-06
386.0896384	1.12224E-05
386.2017753	8.7737E-06
386.3139176	7.48894E-06
386.4260651	6.52262E-06
386.538218	6.84107E-06
386.6503762	6.95088E-06
386.7625397	5.23786E-06
386.8747086	6.95088E-06
386.9868827	7.48894E-06
387.0990622	7.80738E-06
387.2112469	6.31399E-06
387.323437	7.58776E-06
387.4356323	7.91719E-06
387.547833	7.69757E-06
387.6600389	7.06068E-06
387.7722502	7.37913E-06
387.8844667	6.95088E-06
387.9966886	7.69757E-06
388.1089157	7.06068E-06
388.2211482	7.15951E-06
388.3333859	4.80961E-06
388.4456289	5.02923E-06
388.5578772	4.6998E-06
388.6701308	5.77593E-06
388.7823897	5.77593E-06
388.8946538	7.37913E-06
389.0069232	7.26932E-06
389.119198	7.15951E-06
389.2314779	6.63243E-06
389.3437632	6.41281E-06
389.4560538	7.06068E-06
389.5683496	9.19097E-06
389.6806507	8.12583E-06
389.792957	8.55408E-06
389.9052687	9.09214E-06
390.0175855	1.1442E-05
390.1299077	9.94865E-06
390.2422351	8.12583E-06
390.3545678	5.02923E-06
390.4669058	5.77593E-06
390.579249	5.23786E-06
390.6915975	6.84107E-06
390.8039512	6.41281E-06
390.9163102	6.63243E-06
391.0286744	5.88573E-06
391.1410439	5.66612E-06
391.2534186	4.38136E-06
391.3657986	4.6998E-06
391.4781838	4.60097E-06
391.5905743	7.58776E-06
391.70297	7.91719E-06
391.815371	9.19097E-06
391.9277772	8.12583E-06
392.0401886	1.08052E-05
392.1526053	1.03769E-05
392.2650272	7.91719E-06
392.3774544	6.41281E-06
392.4898868	5.12806E-06
392.6023244	7.06068E-06
392.7147672	8.98233E-06
392.8272153	8.34544E-06
392.9396686	6.52262E-06
393.0521272	5.88573E-06
393.1645909	8.98233E-06
393.2770599	1.10138E-05
393.3895341	7.26932E-06
393.5020135	5.55631E-06
393.6144981	5.55631E-06
393.726988	8.01602E-06
393.8394831	7.80738E-06
393.9519833	7.37913E-06
394.0644888	5.55631E-06
394.1769995	5.45748E-06
394.2895155	4.06291E-06
394.4020366	4.60097E-06
394.5145629	3.63466E-06
394.6270944	4.06291E-06
394.7396312	6.41281E-06
394.8521731	8.01602E-06
394.9647202	9.61922E-06
395.0772726	7.58776E-06
395.1898301	6.63243E-06
395.3023928	4.91942E-06
395.4149607	4.60097E-06
395.5275338	4.60097E-06
395.6401121	5.55631E-06
395.7526956	5.88573E-06
395.8652843	9.83884E-06
395.9778781	8.44427E-06
396.0904772	8.76272E-06
396.2030814	5.02923E-06
396.3156908	7.06068E-06
396.4283054	5.88573E-06
396.5409252	5.88573E-06
396.6535501	5.02923E-06
396.7661802	6.20418E-06
396.8788155	7.48894E-06
396.991456	6.20418E-06
397.1041016	5.02923E-06
397.2167524	3.85428E-06
397.3294083	3.9531E-06
397.4420695	5.34767E-06
397.5547358	8.44427E-06
397.6674072	1.0904E-05
397.7800838	1.03769E-05
397.8927656	8.23563E-06
398.0054526	5.88573E-06
398.1181447	4.17272E-06
398.2308419	2.99777E-06
398.3435443	3.52485E-06
398.4562518	5.34767E-06
398.5689646	6.09437E-06
398.6816824	5.66612E-06
398.7944054	3.9531E-06
398.9071335	3.52485E-06
399.0198668	3.9531E-06
399.1326053	7.15951E-06
399.2453488	7.91719E-06
399.3580975	6.73126E-06
399.4708514	5.55631E-06
399.5836104	8.55408E-06
399.6963745	9.30078E-06
399.8091437	7.37913E-06
399.9219181	4.06291E-06
400.0346976	3.31622E-06
400.1474823	3.63466E-06
400.260272	2.99777E-06
400.3730669	2.66835E-06
400.4858669	3.20641E-06
400.5986721	7.48894E-06
400.7114823	8.98233E-06
400.8242977	9.52039E-06
400.9371182	4.6998E-06
401.0499438	3.52485E-06
401.1627746	2.03146E-06
401.2756104	2.99777E-06
401.3884514	3.0966E-06
401.5012974	4.28253E-06
401.6141486	3.9531E-06
401.7270049	5.55631E-06
401.8398663	4.80961E-06
401.9527327	3.85428E-06
402.0656043	3.20641E-06
402.178481	4.28253E-06
402.2913628	4.38136E-06
402.4042497	4.6998E-06
402.5171417	3.52485E-06
402.6300388	3.63466E-06
402.7429409	4.80961E-06
402.8558482	5.02923E-06
402.9687606	5.23786E-06
403.081678	3.74447E-06
403.1946005	3.31622E-06
403.3075281	4.80961E-06
403.4204608	6.41281E-06
403.5333986	6.63243E-06
403.6463415	3.9531E-06
403.7592894	2.45971E-06
403.8722424	2.66835E-06
403.9852005	3.74447E-06
404.0981637	5.02923E-06
404.2111319	4.91942E-06
404.3241053	6.95088E-06
404.4370836	8.98233E-06
404.5500671	8.87252E-06
404.6630556	6.31399E-06
404.7760492	2.66835E-06
404.8890478	3.31622E-06
405.0020515	4.17272E-06
405.1150603	4.38136E-06
405.2280741	4.06291E-06
405.341093	3.52485E-06
405.454117	5.02923E-06
405.567146	5.55631E-06
405.68018	5.34767E-06
405.7932191	4.38136E-06
405.9062633	4.17272E-06
406.0193125	5.98456E-06
406.1323667	5.02923E-06
406.245426	4.6998E-06
406.3584903	3.74447E-06
406.4715597	5.45748E-06
406.5846341	6.41281E-06
406.6977136	8.34544E-06
406.8107981	8.12583E-06
406.9238876	6.20418E-06
407.0369822	4.28253E-06
407.1500818	3.20641E-06
407.2631864	5.45748E-06
407.3762961	5.45748E-06
407.4894108	5.55631E-06
407.6025305	4.06291E-06
407.7156552	2.56952E-06
407.828785	1.82282E-06
407.9419198	2.3499E-06
408.0550596	3.20641E-06
408.1682044	4.28253E-06
408.2813542	5.23786E-06
408.3945091	4.38136E-06
408.507669	5.12806E-06
408.6208339	3.85428E-06
408.7340038	5.23786E-06
408.8471787	4.17272E-06
408.9603586	4.38136E-06
409.0735435	4.49117E-06
409.1867334	4.91942E-06
409.2999284	6.20418E-06
409.4131283	6.20418E-06
409.5263332	7.69757E-06
409.6395431	8.12583E-06
409.7527581	7.69757E-06
409.865978	4.6998E-06
409.9792029	2.3499E-06
410.0924328	1.92165E-06
410.2056677	3.63466E-06
410.3189076	4.28253E-06
410.4321525	5.98456E-06
410.5454024	4.17272E-06
410.6586572	3.42602E-06
410.7719171	3.74447E-06
410.8851819	5.55631E-06
410.9984517	5.98456E-06
411.1117265	4.80961E-06
411.2250062	3.9531E-06
411.338291	6.31399E-06
411.4515807	5.77593E-06
411.5648753	5.34767E-06
411.678175	5.34767E-06
411.7914796	5.55631E-06
411.9047892	7.15951E-06
412.0181038	5.23786E-06
412.1314233	5.66612E-06
412.2447478	4.28253E-06
412.3580772	6.20418E-06
412.4714116	7.80738E-06
412.584751	6.73126E-06
412.6980953	5.12806E-06
412.8114446	2.45971E-06
412.9247988	4.28253E-06
413.038158	3.20641E-06
413.1515221	5.02923E-06
413.2648912	6.41281E-06
413.3782652	9.41059E-06
413.4916442	8.01602E-06
413.6050281	6.52262E-06
413.718417	4.38136E-06
413.8318108	4.60097E-06
413.9452096	4.28253E-06
414.0586133	4.60097E-06
414.1720219	6.31399E-06
414.2854355	7.06068E-06
414.3988539	6.84107E-06
414.5122774	6.63243E-06
414.6257057	6.20418E-06
414.739139	6.09437E-06
414.8525772	4.80961E-06
414.9660204	6.84107E-06
415.0794685	7.58776E-06
415.1929215	8.55408E-06
415.3063794	5.88573E-06
415.4198422	5.55631E-06
415.53331	3.74447E-06
415.6467826	4.49117E-06
415.7602602	4.91942E-06
415.8737427	4.38136E-06
415.9872301	2.99777E-06
416.1007225	3.31622E-06
416.2142197	6.52262E-06
416.3277218	9.19097E-06
416.4412289	7.58776E-06
416.5547408	5.77593E-06
416.6682577	3.74447E-06
416.7817794	5.02923E-06
416.8953061	8.23563E-06
417.0088377	8.98233E-06
417.1223741	8.44427E-06
417.2359155	8.34544E-06
417.3494617	8.44427E-06
417.4630128	9.72903E-06
417.5765689	6.95088E-06
417.6901298	8.12583E-06
417.8036956	7.37913E-06
417.9172663	7.06068E-06
418.0308419	5.34767E-06
418.1444223	3.63466E-06
418.2580077	5.77593E-06
418.3715979	5.88573E-06
418.485193	6.95088E-06
418.598793	5.34767E-06
418.7123978	5.98456E-06
418.8260075	8.12583E-06
418.9396221	9.09214E-06
419.0532416	8.23563E-06
419.166866	7.15951E-06
419.2804952	5.55631E-06
419.3941292	9.94865E-06
419.5077682	9.52039E-06
419.621412	1.01573E-05
419.7350606	5.66612E-06
419.8487142	4.17272E-06
419.9623726	3.31622E-06
420.0760358	4.49117E-06
420.1897039	4.49117E-06
420.3033768	6.09437E-06
420.4170546	5.77593E-06
420.5307373	6.09437E-06
420.6444248	5.34767E-06
420.7581172	6.20418E-06
420.8718143	6.73126E-06
420.9855164	6.63243E-06
421.0992233	7.06068E-06
421.212935	7.91719E-06
421.3266516	7.26932E-06
421.440373	6.41281E-06
421.5540992	5.23786E-06
421.6678303	5.34767E-06
421.7815662	5.02923E-06
421.8953069	5.88573E-06
422.0090525	6.95088E-06
422.1228029	5.45748E-06
422.2365582	6.31399E-06
422.3503182	6.20418E-06
422.4640831	7.06068E-06
422.5778528	4.28253E-06
422.6916273	3.85428E-06
422.8054067	3.0966E-06
422.9191908	4.80961E-06
423.0329798	5.34767E-06
423.1467736	7.58776E-06
423.2605722	7.15951E-06
423.3743757	5.88573E-06
423.4881839	3.63466E-06
423.6019969	2.45971E-06
423.7158148	2.56952E-06
423.8296375	5.88573E-06
423.9434649	7.37913E-06
424.0572972	8.34544E-06
424.1711343	7.37913E-06
424.2849761	8.01602E-06
424.3988228	7.48894E-06
424.5126743	5.23786E-06
424.6265305	5.02923E-06
424.7403916	6.41281E-06
424.8542574	6.52262E-06
424.968128	7.69757E-06
425.0820035	8.34544E-06
425.1958837	9.61922E-06
425.3097687	9.09214E-06
425.4236585	8.7737E-06
425.537553	8.87252E-06
425.6514524	7.69757E-06
425.7653565	6.09437E-06
425.8792654	5.23786E-06
425.9931791	7.37913E-06
426.1070976	8.01602E-06
426.2210208	1.0904E-05
426.3349488	8.98233E-06
426.4488816	8.66389E-06
426.5628191	4.91942E-06
426.6767614	5.55631E-06
426.7907085	5.55631E-06
426.9046604	7.26932E-06
427.018617	7.80738E-06
427.1325783	7.69757E-06
427.2465445	8.34544E-06
427.3605153	6.73126E-06
427.474491	6.20418E-06
427.5884714	4.17272E-06
427.7024565	5.02923E-06
427.8164464	4.80961E-06
427.9304411	6.41281E-06
428.0444405	8.98233E-06
428.1584446	1.19801E-05
428.2724535	1.17605E-05
428.3864672	7.58776E-06
428.5004856	5.02923E-06
428.6145087	3.85428E-06
428.7285366	3.63466E-06
428.8425692	4.38136E-06
428.9566065	6.41281E-06
429.0706486	9.41059E-06
429.1846954	1.03769E-05
429.2987469	9.61922E-06
429.4128032	8.01602E-06
429.5268642	6.41281E-06
429.6409299	4.60097E-06
429.7550004	5.02923E-06
429.8690756	8.01602E-06
429.9831555	1.04757E-05
430.0972401	9.30078E-06
430.2113294	6.31399E-06
430.3254235	5.23786E-06
430.4395223	5.02923E-06
430.5536258	6.41281E-06
430.667734	4.17272E-06
430.7818469	1.80745E-05
430.8959645	1.49669E-05
431.0100869	2.67274E-05
431.1242139	1.19801E-05
431.2383457	2.50253E-05
431.3524821	1.32539E-05
431.4666233	2.60905E-05
431.5807692	1.30452E-05
431.6949197	2.22362E-05
431.809075	9.19097E-06
431.9232349	2.28841E-05
432.0373996	1.36821E-05
432.1515689	2.28841E-05
432.265743	9.19097E-06
432.3799217	1.96777E-05
432.4941051	1.04757E-05
432.6082932	2.48057E-05
432.722486	1.433E-05
432.8366835	2.866E-05
432.9508856	1.45386E-05
433.0650925	2.82318E-05
433.179304	1.39018E-05
433.2935202	2.19178E-05
433.4077411	8.23563E-06
433.5219666	2.0633E-05
433.6361968	1.24084E-05
433.7504317	2.79133E-05
433.8646713	1.5505E-05
433.9789155	2.9835E-05
434.0931644	1.433E-05
434.207418	2.54536E-05
434.3216762	1.11236E-05
434.4359391	2.41688E-05
434.5502067	1.30452E-05
434.6644789	2.60905E-05
434.7787558	1.30452E-05
434.8930373	2.67274E-05
435.0073235	1.36821E-05
435.1216143	2.54536E-05
435.2359098	1.17605E-05
435.3502099	2.41688E-05
435.4645147	1.24084E-05
435.5788242	2.41688E-05
435.6931382	1.17605E-05
435.807457	2.80121E-05
435.9217803	1.62517E-05
436.0361084	2.80121E-05
436.150441	1.17605E-05
436.2647783	2.09624E-05
436.3791202	9.19097E-06
436.4934668	2.28841E-05
436.607818	1.36821E-05
436.7221738	2.60905E-05
436.8365342	1.34735E-05
436.9508993	2.33123E-05
437.065269	1.0904E-05
437.1796434	2.22362E-05
437.2940223	1.24084E-05
437.4084059	2.28841E-05
437.5227941	1.06953E-05
437.637187	2.30927E-05
437.7515844	1.28366E-05
437.8659865	2.75839E-05
437.9803931	1.51865E-05
438.0948044	2.48057E-05
438.2092203	9.83884E-06
438.3236408	2.08526E-05
438.4380659	1.10138E-05
438.5524957	2.53438E-05
438.66693	1.433E-05
438.7813689	2.67274E-05
438.8958125	1.34735E-05
439.0102606	2.65187E-05
439.1247133	1.41104E-05
439.2391707	2.67274E-05
439.3536326	1.36821E-05
439.4680991	2.60905E-05
439.5825703	1.24084E-05
439.697046	2.54536E-05
439.8115263	1.30452E-05
439.9260112	2.43775E-05
440.0405007	1.13322E-05
440.1549947	1.98863E-05
440.2694934	8.55408E-06
440.3839966	1.96777E-05
440.4985044	1.13322E-05
440.6130168	2.45971E-05
440.7275338	1.34735E-05
440.8420553	2.62991E-05
440.9565814	1.30452E-05
441.0711121	2.41688E-05
441.1856474	1.11236E-05
441.3001872	2.3521E-05
441.4147316	1.27268E-05
441.5292806	2.25656E-05
441.6438341	1.01573E-05
441.7583922	2.3521E-05
441.8729549	1.36821E-05
441.9875221	2.48057E-05
442.1020939	1.11236E-05
442.2166703	2.28841E-05
442.3312512	1.17605E-05
442.4458366	2.22362E-05
442.5604266	1.04757E-05
442.6750212	2.67274E-05
442.7896203	1.62517E-05
442.9042239	2.60905E-05
443.0188322	9.83884E-06
443.1334449	2.15993E-05
443.2480622	1.17605E-05
443.362684	2.28841E-05
443.4773104	1.11236E-05
443.5919413	2.1808E-05
443.7065768	1.06953E-05
443.8212168	2.30927E-05
443.9358613	1.24084E-05
444.0505104	2.60905E-05
444.1651639	1.36821E-05
444.2798221	2.15993E-05
444.3944847	7.91719E-06
444.5091519	2.22362E-05
444.6238236	1.433E-05
444.7384998	2.80121E-05
444.8531806	1.36821E-05
444.9678658	2.73752E-05
445.0825556	1.36821E-05
445.1972499	2.80121E-05
445.3119488	1.433E-05
445.4266521	2.41688E-05
445.5413599	9.83884E-06
445.6560723	2.3521E-05
445.7707892	1.36821E-05
445.8855106	2.99448E-05
446.0002364	1.62517E-05
446.1149668	2.73752E-05
446.2297017	1.11236E-05
446.3444411	2.30927E-05
446.459185	1.19801E-05
446.5739334	2.75839E-05
446.6886863	1.56148E-05
446.8034437	2.866E-05
446.9182056	1.32539E-05
447.032972	2.43775E-05
447.1477429	1.13322E-05
447.2625182	2.3521E-05
447.3772981	1.24084E-05
447.4920824	2.54536E-05
447.6068712	1.30452E-05
447.7216645	2.73752E-05
447.8364623	1.433E-05
447.9512646	2.54536E-05
448.0660713	1.11236E-05
448.1808826	2.3521E-05
448.2956983	1.24084E-05
448.4105185	2.60905E-05
448.5253431	1.36821E-05
448.6401722	2.67274E-05
448.7550058	1.32539E-05
448.8698439	2.62991E-05
448.9846864	1.32539E-05
449.0995334	2.48057E-05
449.2143849	1.17605E-05
449.3292408	2.03146E-05
449.4441012	8.55408E-06
449.558966	2.14895E-05
449.6738353	1.29354E-05
449.788709	2.79133E-05
449.9035873	1.49669E-05
450.0184699	2.48057E-05
450.133357	9.83884E-06
450.2482486	1.98863E-05
450.3631446	1.00475E-05
450.478045	2.56622E-05
450.59295	1.58234E-05
450.7078593	3.07903E-05
450.8227731	1.56148E-05
450.9376913	2.67274E-05
451.052614	1.17605E-05
451.1675411	2.24558E-05
451.2824726	1.13322E-05
451.3974086	2.05342E-05
451.512349	9.41059E-06
451.6272939	2.22362E-05
451.7422431	1.30452E-05
451.8571968	2.80121E-05
451.9721549	1.49669E-05
452.0871175	2.67274E-05
452.2020845	1.17605E-05
452.3170559	2.3521E-05
452.4320317	1.17605E-05
452.5470119	2.54536E-05
452.6619966	1.39018E-05
452.7769856	2.6947E-05
452.8919791	1.34735E-05
453.006977	2.6947E-05
453.1219793	1.39018E-05
453.236986	2.73752E-05
453.3519972	1.36821E-05
453.4670127	2.62991E-05
453.5820326	1.2617E-05
453.697057	2.30927E-05
453.8120857	1.04757E-05
453.9271189	2.15993E-05
454.0421564	1.11236E-05
454.1571984	2.73752E-05
454.2722447	1.7218E-05
454.3872954	3.1548E-05
454.5023505	1.52853E-05
454.6174101	2.866E-05
454.732474	1.433E-05
454.8475423	2.67274E-05
454.9626149	1.24084E-05
455.077692	2.41688E-05
455.1927735	1.17605E-05
455.3078593	2.28841E-05
455.4229495	1.11236E-05
455.5380441	2.48057E-05
455.6531431	1.36821E-05
455.7682464	2.80121E-05
455.8833541	1.433E-05
455.9984662	2.60905E-05
456.1135827	1.17605E-05
456.2287035	2.0633E-05
456.3438287	8.87252E-06
456.4589583	2.19178E-05
456.5740922	1.32539E-05
456.6892305	2.56622E-05
456.8043732	1.34735E-05
456.9195202	2.37406E-05
457.0346715	1.15519E-05
457.1498273	2.1808E-05
457.2649874	1.13322E-05
457.3801518	2.1808E-05
457.4953206	1.06953E-05
457.6104938	2.37406E-05
457.7256713	1.30452E-05
457.8408531	2.80121E-05
457.9560393	1.51865E-05
458.0712298	2.59807E-05
458.1864247	1.10138E-05
458.3016239	2.38504E-05
458.4168275	1.32539E-05
458.5320354	2.82318E-05
458.6472476	1.51865E-05
458.7624642	2.60905E-05
458.8776851	1.13322E-05
458.9929104	2.30927E-05
459.1081399	1.19801E-05
459.2233738	2.41688E-05
459.3386121	1.24084E-05
459.4538546	2.50253E-05
459.5691015	1.28366E-05
459.6843527	2.65187E-05
459.7996082	1.39018E-05
459.9148681	2.41688E-05
460.0301323	1.37919E-05
460.1454007	1.69984E-05
460.2606735	7.58776E-06
460.3759507	6.63243E-06
460.4912321	5.02923E-06
460.6065178	6.09437E-06
460.7218079	8.87252E-06
460.8371022	9.72903E-06
460.9524009	1.22985E-05
461.0677039	9.09214E-06
461.1830111	8.12583E-06
461.2983227	4.28253E-06
461.4136386	5.66612E-06
461.5289587	6.73126E-06
461.6442832	8.87252E-06
461.759612	7.91719E-06
461.874945	8.66389E-06
461.9902824	6.84107E-06
462.105624	6.84107E-06
462.22097	7.37913E-06
462.3363202	8.87252E-06
462.4516747	8.98233E-06
462.5670335	9.61922E-06
462.6823966	1.02671E-05
462.7977639	1.20789E-05
462.9131355	1.08052E-05
463.0285115	1.08052E-05
463.1438917	7.15951E-06
463.2592761	4.80961E-06
463.3746649	6.09437E-06
463.4900579	8.7737E-06
463.6054552	1.01573E-05
463.7208567	6.63243E-06
463.8362625	5.02923E-06
463.9516726	4.91942E-06
464.067087	4.80961E-06
464.1825056	5.66612E-06
464.2979285	7.37913E-06
464.4133556	9.94865E-06
464.528787	8.87252E-06
464.6442227	8.01602E-06
464.7596626	6.73126E-06
464.8751068	7.06068E-06
464.9905552	6.31399E-06
465.1060078	8.23563E-06
465.2214648	1.01573E-05
465.3369259	9.72903E-06
465.4523913	1.15519E-05
465.567861	1.13322E-05
465.6833349	1.19801E-05
465.798813	8.34544E-06
465.9142954	9.30078E-06
466.029782	9.19097E-06
466.1452729	8.66389E-06
466.260768	6.73126E-06
466.3762673	5.88573E-06
466.4917709	9.19097E-06
466.6072787	9.72903E-06
466.7227907	9.94865E-06
466.8383069	7.58776E-06
466.9538274	5.88573E-06
467.0693521	6.20418E-06
467.184881	8.34544E-06
467.3004142	8.98233E-06
467.4159515	8.87252E-06
467.5314931	8.76272E-06
467.6470389	8.44427E-06
467.7625889	7.06068E-06
467.8781432	8.12583E-06
467.9937016	1.20789E-05
468.1092642	1.73278E-05
468.2248311	1.46484E-05
468.3404022	1.13322E-05
468.4559775	9.19097E-06
468.5715569	1.08052E-05
468.6871406	1.10138E-05
468.8027285	8.44427E-06
468.9183206	5.45748E-06
469.0339169	2.88796E-06
469.1495173	5.88573E-06
469.265122	7.06068E-06
469.3807309	1.06953E-05
469.496344	8.01602E-06
469.6119612	7.37913E-06
469.7275826	5.02923E-06
469.8432083	7.15951E-06
469.9588381	7.91719E-06
470.0744721	9.72903E-06
470.1901103	7.69757E-06
470.3057526	8.34544E-06
470.4213992	6.63243E-06
470.5370499	6.63243E-06
470.6527048	5.77593E-06
470.7683639	6.09437E-06
470.8840271	9.19097E-06
470.9996946	8.34544E-06
471.1153662	9.19097E-06
471.2310419	9.61922E-06
471.3467218	1.0904E-05
471.4624059	1.0904E-05
471.5780942	8.66389E-06
471.6937866	7.69757E-06
471.8094832	6.73126E-06
471.925184	4.49117E-06
472.0408889	4.06291E-06
472.1565979	5.12806E-06
472.2723111	6.09437E-06
472.3880285	7.37913E-06
472.50375	7.91719E-06
472.6194757	8.55408E-06
472.7352055	6.41281E-06
472.8509395	4.49117E-06
472.9666776	3.9531E-06
473.0824199	4.60097E-06
473.1981663	4.80961E-06
473.3139168	5.12806E-06
473.4296715	5.12806E-06
473.5454303	7.06068E-06
473.6611933	6.84107E-06
473.7769604	6.95088E-06
473.8927316	7.15951E-06
474.008507	1.00475E-05
474.1242864	1.0904E-05
474.2400701	9.72903E-06
474.3558578	7.69757E-06
474.4716497	7.37913E-06
474.5874457	9.41059E-06
474.7032458	9.83884E-06
474.8190501	1.11236E-05
474.9348584	9.52039E-06
475.0506709	7.58776E-06
475.1664875	8.55408E-06
475.2823082	8.98233E-06
475.398133	1.1442E-05
475.513962	9.52039E-06
475.629795	8.23563E-06
475.7456322	5.77593E-06
475.8614734	5.77593E-06
475.9773188	7.91719E-06
476.0931683	1.02671E-05
476.2090219	1.06953E-05
476.3248796	8.55408E-06
476.4407413	8.01602E-06
476.5566072	7.48894E-06
476.6724772	6.63243E-06
476.7883513	5.77593E-06
476.9042294	7.06068E-06
477.0201117	7.26932E-06
477.135998	7.80738E-06
477.2518885	7.26932E-06
477.367783	9.94865E-06
477.4836816	1.08052E-05
477.5995843	8.87252E-06
477.7154911	8.23563E-06
477.8314019	7.06068E-06
477.9473169	8.23563E-06
478.0632359	6.95088E-06
478.179159	7.26932E-06
478.2950861	6.09437E-06
478.4110174	6.63243E-06
478.5269527	6.84107E-06
478.6428921	8.7737E-06
478.7588355	9.41059E-06
478.874783	9.72903E-06
478.9907346	8.7737E-06
479.1066903	1.03769E-05
479.22265	8.7737E-06
479.3386138	1.11236E-05
479.4545816	9.83884E-06
479.5705535	1.08052E-05
479.6865294	7.26932E-06
479.8025095	7.58776E-06
479.9184935	8.44427E-06
480.0344816	9.52039E-06
480.1504738	7.91719E-06
480.26647	6.09437E-06
480.3824702	5.34767E-06
480.4984745	7.26932E-06
480.6144829	8.98233E-06
480.7304953	8.44427E-06
480.8465117	1.02671E-05
480.9625322	9.30078E-06
481.0785567	1.15519E-05
481.1945852	8.7737E-06
481.3106178	1.01573E-05
481.4266544	1.01573E-05
481.5426951	9.52039E-06
481.6587397	8.7737E-06
481.7747885	8.01602E-06
481.8908412	7.69757E-06
482.0068979	6.95088E-06
482.1229587	5.98456E-06
482.2390235	5.02923E-06
482.3550924	3.85428E-06
482.4711652	2.88796E-06
482.5872421	5.45748E-06
482.7033229	6.84107E-06
482.8194078	9.19097E-06
482.9354967	8.44427E-06
483.0515897	8.34544E-06
483.1676866	8.44427E-06
483.2837875	6.84107E-06
483.3998925	5.66612E-06
483.5160014	5.88573E-06
483.6321144	8.12583E-06
483.7482314	9.41059E-06
483.8643523	7.26932E-06
483.9804773	5.23786E-06
484.0966062	5.23786E-06
484.2127392	5.88573E-06
484.3288761	6.41281E-06
484.4450171	5.45748E-06
484.561162	8.55408E-06
484.6773109	7.15951E-06
484.7934638	1.02671E-05
484.9096208	1.04757E-05
485.0257816	1.28366E-05
485.1419465	1.08052E-05
485.2581154	7.69757E-06
485.3742882	5.77593E-06
485.490465	5.98456E-06
485.6066458	7.80738E-06
485.7228306	9.41059E-06
485.8390193	1.03769E-05
485.955212	9.61922E-06
486.0714087	8.7737E-06
486.1876094	1.00475E-05
486.303814	8.01602E-06
486.4200226	9.09214E-06
486.5362352	9.19097E-06
486.6524517	1.27268E-05
486.7686722	1.32539E-05
486.8848966	1.37919E-05
487.001125	1.06953E-05
487.1173574	8.98233E-06
487.2335937	5.55631E-06
487.349834	5.23786E-06
487.4660782	5.66612E-06
487.5823264	8.12583E-06
487.6985785	8.7737E-06
487.8148346	1.04757E-05
487.9310946	8.34544E-06
488.0473586	1.0904E-05
488.1636265	9.94865E-06
488.2798984	1.19801E-05
488.3961742	9.52039E-06
488.5124539	8.87252E-06
488.6287376	7.80738E-06
488.7450252	7.80738E-06
488.8613168	6.09437E-06
488.9776122	4.06291E-06
489.0939117	4.80961E-06
489.210215	1.10138E-05
489.3265223	1.20789E-05
489.4428335	1.11236E-05
489.5591486	7.91719E-06
489.6754676	5.45748E-06
489.7917906	1.49669E-05
489.9081175	1.11236E-05
490.0244483	2.54536E-05
490.1407831	1.433E-05
490.2571217	2.866E-05
490.3734643	1.51865E-05
490.4898107	2.88686E-05
490.6061611	1.45386E-05
490.7225154	2.67274E-05
490.8388736	1.30452E-05
490.9552357	2.6947E-05
491.0716017	1.39018E-05
491.1879717	2.49155E-05
491.3043455	1.10138E-05
491.4207232	2.27743E-05
491.5371048	1.17605E-05
491.6534904	2.41688E-05
491.7698798	1.24084E-05
491.8862731	2.48057E-05
492.0026703	1.24084E-05
492.1190714	2.60905E-05
492.2354764	1.39018E-05
492.3518852	2.27743E-05
492.468298	9.30078E-06
492.5847147	2.27743E-05
492.7011352	1.39018E-05
492.8175596	2.60905E-05
492.9339879	1.24084E-05
493.0504201	2.37406E-05
493.1668561	1.13322E-05
493.2832961	2.11711E-05
493.3997399	9.83884E-06
493.5161875	2.41688E-05
493.6326391	1.433E-05
493.7490945	2.60905E-05
493.8655538	1.17605E-05
493.9820169	2.22362E-05
494.0984839	1.06953E-05
494.2149548	2.37406E-05
494.3314296	1.32539E-05
494.4479082	2.41688E-05
494.5643906	1.13322E-05
494.680877	2.24558E-05
494.7973671	1.13322E-05
494.9138612	2.48057E-05
495.0303591	1.36821E-05
495.1468608	2.80121E-05
495.2633664	1.433E-05
495.3798758	2.48057E-05
495.4963891	1.04757E-05
495.6129062	2.3521E-05
495.7294272	1.30452E-05
495.845952	2.80121E-05
495.9624807	1.49669E-05
496.0790132	2.68372E-05
496.1955495	1.18703E-05
496.3120897	2.42677E-05
496.4286337	1.24084E-05
496.5451815	2.48057E-05
496.6617332	1.24084E-05
496.7782887	2.54536E-05
496.894848	1.30452E-05
497.0114111	2.73752E-05
497.1279781	1.433E-05
497.2445489	2.54536E-05
497.3611235	1.11236E-05
497.477702	2.30927E-05
497.5942842	1.19801E-05
497.7108703	2.50253E-05
497.8274602	1.30452E-05
497.9440539	2.67274E-05
498.0606514	1.36821E-05
498.1772528	2.80121E-05
498.2938579	1.433E-05
498.4104669	2.73752E-05
498.5270796	1.32539E-05
498.6436962	2.75839E-05
498.7603166	1.45386E-05
498.8769407	2.54536E-05
498.9935687	1.11236E-05
499.1102005	2.3521E-05
499.226836	1.2617E-05
499.3434754	2.50253E-05
499.4601186	1.2617E-05
499.5767655	2.48057E-05
499.6934163	1.24084E-05
499.8100708	2.54536E-05
499.9267291	1.30452E-05
500.0433912	2.67274E-05
500.1600571	1.39018E-05
500.2767268	2.56622E-05
500.3934002	1.19801E-05
500.5100775	2.48057E-05
500.6267585	1.39018E-05
500.7434433	2.56622E-05
500.8601319	1.2617E-05
500.9768242	2.41688E-05
501.0935203	1.24084E-05
501.2102202	2.60905E-05
501.3269239	1.36821E-05
501.4436313	2.54536E-05
501.5603425	1.28366E-05
501.6770575	2.45971E-05
501.7937762	1.28366E-05
501.9104987	2.15993E-05
502.0272249	1.00475E-05
502.1439549	2.50253E-05
502.2606887	1.51865E-05
502.3774262	2.60905E-05
502.4941675	1.11236E-05
502.6109125	1.91396E-05
502.7276613	8.01602E-06
502.8444138	2.04244E-05
502.9611701	1.24084E-05
503.0779301	2.67274E-05
503.1946938	1.433E-05
503.3114614	2.48057E-05
503.4282326	1.04757E-05
503.5450076	2.28841E-05
503.6617863	1.2617E-05
503.7785688	2.37406E-05
503.895355	1.13322E-05
504.0121449	2.22362E-05
504.1289386	1.11236E-05
504.245736	2.60905E-05
504.3625371	1.49669E-05
504.479342	2.80121E-05
504.5961506	1.30452E-05
504.7129629	2.41688E-05
504.8297789	1.13322E-05
504.9465987	2.56622E-05
505.0634222	1.45386E-05
505.1802494	2.73752E-05
505.2970803	1.32539E-05
505.4139149	2.43775E-05
505.5307532	1.13322E-05
505.6475953	2.3521E-05
505.7644411	1.2617E-05
505.8812905	2.56622E-05
505.9981437	1.32539E-05
506.1150006	2.12809E-05
506.2318612	8.23563E-06
506.3487255	2.19178E-05
506.4655935	1.36821E-05
506.5824652	2.80121E-05
506.6993406	1.433E-05
506.8162197	2.60905E-05
506.9331025	1.2617E-05
507.049989	2.56622E-05
507.1668792	1.39018E-05
507.283773	2.41688E-05
507.4006706	1.11236E-05
507.5175719	2.41688E-05
507.6344768	1.30452E-05
507.7513854	2.866E-05
507.8682977	1.56148E-05
507.9852137	2.67274E-05
508.1021334	1.11236E-05
508.2190567	2.15993E-05
508.3359837	1.04757E-05
508.4529144	2.3521E-05
508.5698488	1.30452E-05
508.6867868	2.3521E-05
508.8037286	1.04757E-05
508.9206739	2.28841E-05
509.037623	1.24084E-05
509.1545757	2.48057E-05
509.2715321	1.2617E-05
509.3884922	2.24558E-05
509.5054559	1.00475E-05
509.6224232	2.28841E-05
509.7393943	1.30452E-05
509.8563689	2.60905E-05
509.9733473	1.30452E-05
510.0903293	2.67274E-05
510.2073149	1.41104E-05
510.3243042	2.71556E-05
510.4412972	1.34735E-05
510.5582938	2.48057E-05
510.675294	1.19801E-05
510.7922979	2.45971E-05
510.9093054	1.28366E-05
511.0263166	2.50253E-05
511.1433314	1.24084E-05
511.2603499	2.866E-05
511.377372	1.66799E-05
511.4943977	2.84404E-05
511.611427	1.21887E-05
511.72846	2.41688E-05
511.8454966	1.24084E-05
511.9625369	2.48057E-05
512.0795808	1.24084E-05
512.1966283	2.41688E-05
512.3136794	1.17605E-05
512.4307342	2.73752E-05
512.5477925	1.56148E-05
512.6648545	2.48057E-05
512.7819201	9.19097E-06
512.8989894	2.15993E-05
513.0160622	1.24084E-05
513.1331387	2.54536E-05
513.2502188	1.30452E-05
513.3673024	2.3521E-05
513.4843897	1.04757E-05
513.6014806	2.48057E-05
513.7185751	1.433E-05
513.8356733	2.48057E-05
513.952775	1.04757E-05
514.0698803	2.54536E-05
514.1869892	1.49669E-05
514.3041017	2.92969E-05
514.4212178	1.433E-05
514.5383375	2.3521E-05
514.6554608	9.19097E-06
514.7725877	1.90298E-05
514.8897182	9.83884E-06
515.0068523	2.48057E-05
515.1239899	1.49669E-05
515.2411312	2.80121E-05
515.358276	1.30452E-05
515.4754244	2.54536E-05
515.5925764	1.24084E-05
515.709732	2.48057E-05
515.8268912	1.24084E-05
515.9440539	2.48057E-05
516.0612202	1.2617E-05
516.1783901	2.39492E-05
516.2955636	1.15519E-05
516.4127406	2.62991E-05
516.5299212	1.49669E-05
516.6471053	2.73752E-05
516.7642931	1.24084E-05
516.8814844	2.15993E-05
516.9986792	9.19097E-06
517.1158776	2.03146E-05
517.2330796	1.11236E-05
517.3502851	2.28841E-05
517.4674942	1.24084E-05
517.5847069	2.15993E-05
517.7019231	9.83884E-06
517.8191428	2.09624E-05
517.9363661	1.19801E-05
518.053593	2.62991E-05
518.1708234	1.45386E-05
518.2880574	2.60905E-05
518.4052948	1.17605E-05
518.5225359	2.41688E-05
518.6397805	1.24084E-05
518.7570286	2.22362E-05
518.8742802	9.83884E-06
518.9915354	2.09624E-05
519.1087941	1.13322E-05
519.2260564	2.30927E-05
519.3433222	1.19801E-05
519.4605915	2.50253E-05
519.5778644	1.85027E-05
519.6951408	2.09624E-05
519.8124207	1.16507E-05
519.9297041	1.0904E-05
520.0469911	9.83884E-06
520.1642815	9.52039E-06
520.2815755	7.58776E-06
520.398873	1.24084E-05
520.5161741	1.2617E-05
520.6334786	1.21887E-05
520.7507867	6.73126E-06
520.8680983	8.23563E-06
520.9854133	9.19097E-06
521.1027319	1.24084E-05
521.220054	7.58776E-06
521.3373796	7.91719E-06
521.4547087	9.52039E-06
521.5720414	1.31551E-05
521.6893775	1.02671E-05
521.8067171	7.37913E-06
521.9240602	5.23786E-06
522.0414068	8.44427E-06
522.1587569	6.63243E-06
522.2761105	5.98456E-06
522.3934676	4.80961E-06
522.5108282	8.12583E-06
522.6281923	9.72903E-06
522.7455598	9.41059E-06
522.8629309	7.80738E-06
522.9803054	7.15951E-06
523.0976834	8.7737E-06
523.2150649	1.24084E-05
523.3324499	1.33637E-05
523.4498383	1.12224E-05
523.5672302	7.37913E-06
523.6846256	8.01602E-06
523.8020245	1.15519E-05
523.9194269	1.28366E-05
524.0368327	1.0904E-05
524.154242	6.84107E-06
524.2716547	8.01602E-06
524.389071	6.63243E-06
524.5064906	9.61922E-06
524.6239138	5.98456E-06
524.7413404	8.34544E-06
524.8587705	5.23786E-06
524.976204	7.06068E-06
525.093641	5.66612E-06
525.2110814	6.63243E-06
525.3285253	6.73126E-06
525.4459727	8.44427E-06
525.5634235	9.19097E-06
525.6808777	8.23563E-06
525.7983354	8.55408E-06
525.9157965	7.80738E-06
526.0332611	7.58776E-06
526.1507291	4.49117E-06
526.2682006	4.60097E-06
526.3856755	4.06291E-06
526.5031538	5.12806E-06
526.6206356	6.31399E-06
526.7381208	6.41281E-06
526.8556095	6.41281E-06
526.9731016	4.6998E-06
527.0905971	6.09437E-06
527.208096	6.63243E-06
527.3255984	7.80738E-06
527.4431042	8.23563E-06
527.5606134	1.1442E-05
527.678126	1.18703E-05
527.7956421	9.52039E-06
527.9131616	6.84107E-06
528.0306845	4.49117E-06
528.1482108	5.88573E-06
528.2657405	6.95088E-06
528.3832737	9.19097E-06
528.5008102	1.06953E-05
528.6183502	1.06953E-05
528.7358936	1.02671E-05
528.8534404	8.23563E-06
528.9709906	8.34544E-06
529.0885441	6.52262E-06
529.2061011	7.15951E-06
529.3236615	4.91942E-06
529.4412253	6.09437E-06
529.5587925	7.37913E-06
529.6763631	9.30078E-06
529.7939371	9.61922E-06
529.9115145	1.03769E-05
530.0290953	9.30078E-06
530.1466794	1.01573E-05
530.264267	7.80738E-06
530.3818579	8.98233E-06
530.4994522	8.23563E-06
530.6170499	8.23563E-06
530.734651	6.41281E-06
530.8522555	9.19097E-06
530.9698634	9.83884E-06
531.0874746	9.94865E-06
531.2050892	1.06953E-05
531.3227072	1.17605E-05
531.4403285	1.33637E-05
531.5579533	9.94865E-06
531.6755813	9.09214E-06
531.7932128	7.91719E-06
531.9108476	8.34544E-06
532.0284858	8.23563E-06
532.1461274	6.95088E-06
532.2637723	4.49117E-06
532.3814206	3.42602E-06
532.4990723	7.48894E-06
532.6167273	8.01602E-06
532.7343856	6.63243E-06
532.8520473	2.45971E-06
532.9697124	4.28253E-06
533.0873808	7.06068E-06
533.2050526	8.55408E-06
533.3227277	8.12583E-06
533.4404062	5.98456E-06
533.558088	5.55631E-06
533.6757731	7.06068E-06
533.7934616	7.06068E-06
533.9111535	8.66389E-06
534.0288487	8.12583E-06
534.1465472	1.13322E-05
534.264249	8.98233E-06
534.3819542	8.7737E-06
534.4996627	6.52262E-06
534.6173746	7.69757E-06
534.7350898	7.69757E-06
534.8528083	7.06068E-06
534.9705301	1.19801E-05
535.0882553	1.08052E-05
535.2059838	1.22985E-05
535.3237156	6.31399E-06
535.4414507	6.63243E-06
535.5591892	5.23786E-06
535.6769309	7.58776E-06
535.794676	1.03769E-05
535.9124244	1.18703E-05
536.0301761	1.10138E-05
536.1479311	9.94865E-06
536.2656895	9.94865E-06
536.3834511	1.10138E-05
536.5012161	8.98233E-06
536.6189843	7.37913E-06
536.7367559	4.91942E-06
536.8545308	4.6998E-06
536.9723089	5.02923E-06
537.0900904	5.98456E-06
537.2078751	5.23786E-06
537.3256632	4.6998E-06
537.4434545	3.9531E-06
537.5612492	5.45748E-06
537.6790471	6.41281E-06
537.7968484	6.84107E-06
537.9146529	8.55408E-06
538.0324607	9.19097E-06
538.1502718	9.94865E-06
538.2680861	8.44427E-06
538.3859038	7.69757E-06
538.5037247	9.09214E-06
538.6215489	9.72903E-06
538.7393764	1.02671E-05
538.8572072	9.19097E-06
538.9750412	7.26932E-06
539.0928785	8.66389E-06
539.2107191	1.13322E-05
539.328563	1.18703E-05
539.4464101	1.02671E-05
539.5642605	7.06068E-06
539.6821142	9.52039E-06
539.7999711	7.80738E-06
539.9178313	7.91719E-06
540.0356947	6.09437E-06
540.1535614	8.98233E-06
540.2714314	7.69757E-06
540.3893046	7.48894E-06
540.5071811	5.45748E-06
540.6250608	6.52262E-06
540.7429438	8.55408E-06
540.86083	1.00475E-05
540.9787195	1.17605E-05
541.0966122	1.01573E-05
541.2145082	9.19097E-06
541.3324074	8.66389E-06
541.4503098	1.10138E-05
541.5682155	9.41059E-06
541.6861245	6.73126E-06
541.8040366	4.49117E-06
541.921952	8.01602E-06
542.0398707	8.87252E-06
542.1577926	1.13322E-05
542.2757177	1.21887E-05
542.393646	1.29354E-05
542.5115776	1.08052E-05
542.6295124	7.58776E-06
542.7474504	1.17605E-05
542.8653916	1.04757E-05
542.9833361	1.18703E-05
543.1012838	8.98233E-06
543.2192347	9.83884E-06
543.3371888	9.52039E-06
543.4551461	6.52262E-06
543.5731067	6.31399E-06
543.6910704	5.23786E-06
543.8090374	8.12583E-06
543.9270076	7.15951E-06
544.044981	8.55408E-06
544.1629576	8.55408E-06
544.2809374	1.01573E-05
544.3989204	1.02671E-05
544.5169066	8.7737E-06
544.634896	7.37913E-06
544.7528886	5.88573E-06
544.8708845	6.52262E-06
544.9888835	7.26932E-06
545.1068857	8.01602E-06
545.2248911	7.48894E-06
545.3428996	8.66389E-06
545.4609114	7.48894E-06
545.5789264	6.52262E-06
545.6969445	5.55631E-06
545.8149659	6.73126E-06
545.9329904	8.23563E-06
546.0510181	7.06068E-06
546.169049	8.34544E-06
546.287083	8.7737E-06
546.4051203	1.08052E-05
546.5231607	1.05855E-05
546.6412043	1.0904E-05
546.759251	7.80738E-06
546.877301	8.87252E-06
546.9953541	8.66389E-06
547.1134103	9.41059E-06
547.2314698	7.69757E-06
547.3495324	6.84107E-06
547.4675981	1.03769E-05
547.5856671	8.98233E-06
547.7037391	1.05855E-05
547.8218144	9.41059E-06
547.9398928	1.02671E-05
548.0579744	6.20418E-06
548.1760591	4.28253E-06
548.2941469	7.15951E-06
548.412238	9.41059E-06
548.5303321	1.05855E-05
548.6484294	7.06068E-06
548.7665299	6.95088E-06
548.8846335	5.23786E-06
549.0027403	5.23786E-06
549.1208502	4.17272E-06
549.2389632	3.74447E-06
549.3570794	5.12806E-06
549.4751987	6.52262E-06
549.5933211	7.69757E-06
549.7114467	4.6998E-06
549.8295754	1.50767E-05
549.9477073	1.30452E-05
550.0658422	2.60905E-05
550.1839803	1.30452E-05
550.3021216	2.60905E-05
550.4202659	1.30452E-05
550.5384134	2.80121E-05
550.656564	1.51865E-05
550.7747177	2.82318E-05
550.8928746	1.32539E-05
551.0110345	2.54536E-05
551.1291976	1.24084E-05
551.2473638	2.60905E-05
551.3655331	1.45386E-05
551.4837055	2.88686E-05
551.601881	1.51865E-05
551.7200596	2.60905E-05
551.8382414	1.19801E-05
551.9564262	2.50253E-05
552.0746142	1.32539E-05
552.1928052	2.41688E-05
552.3109994	1.11236E-05
552.4291966	2.41688E-05
552.5473969	1.30452E-05
552.6656004	2.48057E-05
552.7838069	1.17605E-05
552.9020165	2.22362E-05
553.0202293	1.04757E-05
553.1384451	2.3521E-05
553.256664	1.30452E-05
553.3748859	2.60905E-05
553.493111	1.30452E-05
553.6113391	2.60905E-05
553.7295704	1.30452E-05
553.8478047	2.99448E-05
553.9660421	1.68995E-05
554.0842825	3.05817E-05
554.2025261	1.36821E-05
554.3207727	2.60905E-05
554.4390224	1.24084E-05
554.5572752	2.67274E-05
554.675531	1.433E-05
554.7937899	2.80121E-05
554.9120518	1.36821E-05
555.0303169	2.60905E-05
555.148585	1.24084E-05
555.2668561	2.73752E-05
555.3851303	1.49669E-05
555.5034076	2.67274E-05
555.6216879	1.19801E-05
555.7399713	2.43775E-05
555.8582578	1.28366E-05
555.9765473	2.37406E-05
556.0948398	1.16507E-05
556.2131354	2.32025E-05
556.331434	1.20789E-05
556.4497357	2.28841E-05
556.5680405	1.13322E-05
556.6863482	2.30927E-05
556.8046591	1.19801E-05
556.9229729	2.41688E-05
557.0412898	1.24084E-05
557.1596097	2.41688E-05
557.2779327	1.17605E-05
557.3962587	2.60905E-05
557.5145878	1.433E-05
557.6329198	2.99448E-05
557.7512549	1.56148E-05
557.869593	2.67274E-05
557.9879342	1.11236E-05
558.1062784	2.15993E-05
558.2246256	1.04757E-05
558.3429758	2.22362E-05
558.461329	1.17605E-05
558.5796853	2.80121E-05
558.6980446	1.62517E-05
558.8164069	2.80121E-05
558.9347722	1.17605E-05
559.0531405	2.48057E-05
559.1715118	1.30452E-05
559.2898862	2.37406E-05
559.4082635	1.06953E-05
559.5266439	2.43775E-05
559.6450272	1.51865E-05
559.7634136	2.6947E-05
559.8818029	1.34735E-05
560.0001953	2.6947E-05
560.1185907	1.5505E-05
560.236989	3.02632E-05
560.3553904	1.52853E-05
560.4737947	3.05817E-05
560.5922021	1.58234E-05
560.7106124	2.6947E-05
560.8290257	1.15519E-05
560.947442	2.56622E-05
561.0658613	1.47583E-05
561.1842836	2.75839E-05
561.3027089	1.32539E-05
561.4211371	2.54536E-05
561.5395683	1.24084E-05
561.6580025	2.67274E-05
561.7764397	1.433E-05
561.8948799	2.54536E-05
562.013323	1.11236E-05
562.1317691	2.28841E-05
562.2502182	1.24084E-05
562.3686702	2.60905E-05
562.4871252	1.433E-05
562.6055832	2.62991E-05
562.7240442	1.2617E-05
562.8425081	2.1808E-05
562.9609749	9.41059E-06
563.0794447	2.30927E-05
563.1979175	1.39018E-05
563.3163933	2.48057E-05
563.434872	1.11236E-05
563.5533536	2.22362E-05
563.6718382	1.11236E-05
563.7903258	2.22362E-05
563.9088163	1.11236E-05
564.0273097	1.97765E-05
564.1458061	8.66389E-06
564.2643055	2.04244E-05
564.3828077	1.17605E-05
564.501313	2.09624E-05
564.6198211	9.19097E-06
564.7383322	2.28841E-05
564.8568463	1.36821E-05
564.9753633	2.48057E-05
565.0938832	1.11236E-05
565.212406	2.22362E-05
565.3309318	1.11236E-05
565.4494605	2.15993E-05
565.5679921	1.04757E-05
565.6865267	2.15993E-05
565.8050642	1.11236E-05
565.9236046	2.3521E-05
566.0421479	1.24084E-05
566.1606941	2.60905E-05
566.2792433	1.36821E-05
566.3977954	2.67274E-05
566.5163504	1.30452E-05
566.6349083	2.22362E-05
566.7534691	9.19097E-06
566.8720328	2.03146E-05
566.9905995	1.11236E-05
567.109169	2.41688E-05
567.2277415	1.30452E-05
567.3463168	2.48057E-05
567.4648951	1.17605E-05
567.5834763	2.60905E-05
567.7020603	1.433E-05
567.8206473	2.3521E-05
567.9392372	1.00475E-05
568.0578299	1.92494E-05
568.1764256	1.0904E-05
568.2950241	2.24558E-05
568.4136255	1.32539E-05
568.5322298	2.22362E-05
568.6508371	9.83884E-06
568.7694472	2.28841E-05
568.8880601	1.33637E-05
569.006676	2.44873E-05
569.1252947	1.16507E-05
569.2439164	2.37406E-05
569.3625409	1.2617E-05
569.4811682	2.22362E-05
569.5997985	1.04757E-05
569.7184316	2.03146E-05
569.8370676	1.04757E-05
569.9557065	2.3521E-05
570.0743482	1.36821E-05
570.1929928	2.60905E-05
570.3116403	1.24084E-05
570.4302906	2.53438E-05
570.5489438	1.29354E-05
570.6675999	2.4059E-05
570.7862588	1.11236E-05
570.9049206	2.48057E-05
571.0235852	1.36821E-05
571.1422527	2.67274E-05
571.2609231	1.30452E-05
571.3795963	2.27743E-05
571.4982723	9.72903E-06
571.6169512	2.27743E-05
571.7356329	1.30452E-05
571.8543175	2.41688E-05
571.973005	1.11236E-05
572.0916952	2.28841E-05
572.2103883	1.17605E-05
572.3290843	2.28841E-05
572.4477831	1.11236E-05
572.5664847	2.5772E-05
572.6851892	1.46484E-05
572.8038965	2.64089E-05
572.9226066	1.17605E-05
573.0413196	2.22362E-05
573.1600354	1.06953E-05
573.278754	2.05342E-05
573.3974755	1.00475E-05
573.5161997	1.96777E-05
573.6349268	9.83884E-06
573.7536567	2.28841E-05
573.8723895	1.30452E-05
573.991125	2.28841E-05
574.1098634	1.00475E-05
574.2286046	1.98863E-05
574.3473486	1.00475E-05
574.4660954	2.22362E-05
574.584845	1.24084E-05
574.7035974	2.28841E-05
574.8223526	1.04757E-05
574.9411107	2.1808E-05
575.0598715	1.13322E-05
575.1786352	2.37406E-05
575.2974016	1.2617E-05
575.4161709	2.56622E-05
575.5349429	1.32539E-05
575.6537178	2.15993E-05
575.7724954	8.55408E-06
575.8912758	1.92494E-05
576.0100591	1.06953E-05
576.1288451	2.11711E-05
576.2476339	1.04757E-05
576.3664255	2.22362E-05
576.4852198	1.17605E-05
576.604017	2.32025E-05
576.7228169	1.1442E-05
576.8416197	2.25656E-05
576.9604252	1.11236E-05
577.0792335	2.05342E-05
577.1980445	9.41059E-06
577.3168583	2.30927E-05
577.435675	1.36821E-05
577.5544943	2.48057E-05
577.6733165	1.11236E-05
577.7921414	2.03146E-05
577.9109691	9.19097E-06
578.0297995	2.03146E-05
578.1486328	1.11236E-05
578.2674687	1.76462E-05
578.3863075	6.73126E-06
578.505149	1.78549E-05
578.6239932	1.13322E-05
578.7428402	2.22362E-05
578.86169	1.11236E-05
578.9805425	1.96777E-05
579.0993978	8.55408E-06
579.2182558	1.83929E-05
579.3371166	9.83884E-06
579.4559801	2.08526E-05
579.5748464	1.10138E-05
579.6937154	2.14895E-05
579.8125871	1.04757E-05
579.9314616	1.96777E-05
580.0503389	1.00475E-05
580.1692188	1.2617E-05
580.2881015	5.88573E-06
580.406987	5.34767E-06
580.5258751	4.60097E-06
580.644766	2.56952E-06
580.7636597	3.31622E-06
580.8825561	3.74447E-06
581.0014551	3.52485E-06
581.120357	3.52485E-06
581.2392615	2.66835E-06
581.3581688	4.60097E-06
581.4770788	5.02923E-06
581.5959915	4.06291E-06
581.7149069	2.45971E-06
581.833825	2.56952E-06
581.9527459	4.49117E-06
582.0716694	4.28253E-06
582.1905957	3.20641E-06
582.3095247	2.24009E-06
582.4284564	2.3499E-06
582.5473908	2.99777E-06
582.6663279	2.66835E-06
582.7852677	2.77815E-06
582.9042102	2.3499E-06
583.0231555	2.56952E-06
583.1421034	2.56952E-06
583.261054	2.99777E-06
583.3800073	1.92165E-06
583.4989633	1.6032E-06
583.617922	1.06514E-06
583.7368834	1.06514E-06
583.8558475	1.6032E-06
583.9748143	1.4934E-06
584.0937837	2.45971E-06
584.2127559	1.82282E-06
584.3317307	1.4934E-06
584.4507082	7.46698E-07
584.5696884	1.4934E-06
584.6886712	1.28476E-06
584.8076568	8.56506E-07
584.926645	2.08636E-07
585.0456359	6.36889E-07
585.1646295	1.17495E-06
585.2836257	9.66314E-07
585.4026246	1.39457E-06
585.5216262	1.06514E-06
585.6406305	1.06514E-06
585.7596374	1.92165E-06
585.878647	1.82282E-06
585.9976592	2.3499E-06
586.1166741	6.36889E-07
586.2356917	5.38061E-07
586.3547119	4.28253E-07
586.4737347	4.28253E-07
586.5927603	4.28253E-07
586.7117885	2.08636E-07
586.8308193	2.08636E-07
586.9498528	1.71301E-06
587.0688889	1.4934E-06
587.1879277	1.4934E-06
587.3069691	0
587.4260132	0
587.5450599	0
587.6641092	6.36889E-07
587.7831612	7.46698E-07
587.9022159	7.46698E-07
588.0212731	2.08636E-07
588.140333	1.09808E-07
588.2593955	1.09808E-07
588.3784607	2.08636E-07
588.4975285	2.08636E-07
588.6165989	2.08636E-07
588.735672	0
588.8547476	0
588.9738259	0
589.0929069	2.08636E-07
589.2119904	2.08636E-07
589.3310766	2.08636E-07
589.4501653	0
589.5692567	0
589.6883507	0
589.8074474	6.36889E-07
589.9265466	6.36889E-07
590.0456484	6.36889E-07
590.1647529	0
590.2838599	0
590.4029696	0
590.5220819	0
590.6411967	0
590.7603142	0
590.8794343	0
590.998557	0
591.1176822	0
591.2368101	0
591.3559405	0
591.4750736	0
591.5942092	0
591.7133474	0
591.8324882	0
591.9516316	0
592.0707776	0
592.1899261	0
592.3090773	0
592.428231	0
592.5473873	0
592.6665462	0
592.7857076	0
592.9048716	0
593.0240382	0
593.1432074	0
593.2623791	0
593.3815534	0
593.5007303	0
593.6199097	0
593.7390917	0
593.8582762	0
593.9774633	0
594.096653	0
594.2158452	0
594.33504	0
594.4542373	0
594.5734372	0
594.6926396	0
594.8118446	6.36889E-07
594.9310521	9.66314E-07
595.0502622	3.94542E-05
595.1694748	3.88173E-05
595.2886899	7.42086E-05
595.4079076	3.57097E-05
595.5271279	0.000247761
595.6463506	0.000235034
595.7655759	0.000948811
595.8848038	0.001004725
596.0040342	0.002003466
596.1232671	0.001791833
596.2425025	0.002466057
596.3617405	0.002050816
596.4809809	0.002732737
596.600224	0.00299821
596.7194695	0.003758623
596.8387175	0.003680209
596.9579681	0.004192344
597.0772212	0.003901561
597.1964768	0.004943006
597.315735	0.004810039
597.4349956	0.006208208
597.5542588	0.005844907
597.6735245	0.006895993
597.7927926	0.006726438
597.9120633	0.007812806
598.0313365	0.007761932
598.1506122	0.008444776
598.2698904	0.008392606
598.3891711	0.009258951
598.5084543	0.009376149
598.62774	0.010358628
598.7470282	0.010292336
598.8663189	0.011201034
598.9856121	0.011128945
599.1049078	0.012172389
599.224206	0.012351794
599.3435067	0.013454271
599.4628098	0.013480976
599.5821154	0.014802247
599.7014236	0.01473142
599.8207342	0.016009075
599.9400473	0.015824025
600.0593628	0.017552729
600.1786809	0.018017592
600.2980014	0.01963596
600.4173244	0.020412592
600.5366499	0.021513224
600.6559778	0.022096087
600.7753083	0.02215288
600.8946412	0.022559303
601.0139765	0.022224739
601.1333143	0.022737017
601.2526546	0.022116951
601.3719974	0.022926283
601.4913426	0.021984774
601.6106903	0.023290682
601.7300404	0.022632765
601.849393	0.024139502
601.9687481	0.023427701
602.0881056	0.024252429
602.2074655	0.024327219
602.3268279	0.024127346
602.4461928	0.02434906
602.5655601	0.023104678
602.6849298	0.023587495
602.804302	0.022132038
602.9236766	0.022816947
603.0430537	0.022309116
603.1624332	0.02315698
603.2818152	0.022761417
603.4011996	0.025566166
603.5205864	0.026445414
603.6399757	0.029840428
603.7593674	0.029335067
603.8787615	0.032882166
603.9981581	0.033439247
604.1175571	0.036034899
604.2369585	0.035213202
604.3563623	0.035728863
604.4757686	0.036634914
604.5951773	0.037302627
604.7145884	0.039212108
604.8340019	0.040435506
604.9534178	0.043807768
605.0728362	0.045004241
605.1922569	0.045729295
605.3116801	0.045020932
605.4311057	0.044406367
605.5505337	0.044367165
605.6699641	0.044228664
605.7893969	0.045621474
605.9088322	0.045334753
606.0282698	0.0468931
606.1477098	0.046358069
606.2671522	0.048042828
606.3865971	0.049138024
606.5060443	0.051953272
606.6254939	0.053261453
606.7449459	0.05509834
606.8644003	0.056523884
606.9838571	0.059103746
607.1033163	0.060029476
607.2227779	0.060904045
607.3422418	0.061134906
607.4617082	0.062332203
607.5811769	0.062828032
607.700648	0.064169079
607.8201215	0.065043407
607.9395974	0.067059413
608.0590756	0.06810759
608.1785562	0.06962511
608.2980392	0.070553288
608.4175246	0.071878358
608.5370123	0.073066991
608.6565024	0.074506294
608.7759949	0.075578134
608.8954897	0.077217004
609.0149869	0.078443433
609.1344865	0.080248497
609.2539884	0.081500555
609.3734927	0.083697658
609.4929994	0.08491954
609.6125084	0.086836302
609.7320197	0.087789956
609.8515334	0.090057698
609.9710495	0.090971557
610.0905679	0.092813319
610.2100887	0.09403059
610.3296118	0.096487038
610.4491373	0.098205354
610.5686651	0.100998025
610.6881952	0.103123708
610.8077277	0.104864853
610.9272625	0.10574197
611.0467997	0.107031484
611.1663392	0.109573484
611.285881	0.111992224
611.4054252	0.114773475
611.5249717	0.116981833
611.6445206	0.119648839
611.7640717	0.121089262
611.8836252	0.122677093
612.003181	0.124082915
612.1227392	0.126515019
612.2422997	0.127999783
612.3618624	0.130289422
612.4814276	0.131688261
612.600995	0.134070896
612.7205647	0.135342093
612.8401368	0.138128241
612.9597112	0.140571655
613.0792878	0.143677258
613.1988668	0.145243687
613.3184482	0.147263043
613.4380318	0.148375271
613.5576177	0.151696988
613.6772059	0.154000681
613.7967964	0.157232531
613.9163893	0.158583538
614.0359844	0.16180635
614.1555818	0.163806039
614.2751815	0.166605375
614.3947836	0.168260595
614.5143879	0.171521797
614.6339945	0.174554542
614.7536034	0.177463478
614.8732146	0.179400444
614.992828	0.182637136
615.1124438	0.185909308
615.2320618	0.190001188
615.3516822	0.19240024
615.4713048	0.19544435
615.5909297	0.197819079
615.7105568	0.201463007
615.8301863	0.204361324
615.949818	0.208514599
616.069452	0.212311863
616.1890882	0.216732598
616.3087268	0.220037207
616.4283676	0.223489058
616.5480107	0.226814915
616.667656	0.230523981
616.7873036	0.233628563
616.9069535	0.237897641
617.0266056	0.241355159
617.14626	0.245316224
617.2659166	0.247284058
617.3855755	0.251379771
617.5052367	0.254426824
617.6249001	0.259411074
617.7445657	0.262386345
617.8642336	0.2677439
617.9839038	0.272146143
618.1035762	0.278084234
618.2232509	0.281293869
618.3429278	0.285093484
618.4626069	0.287425519
618.5822883	0.291577289
618.7019719	0.294916685
618.8216578	0.300287999
618.9413459	0.304188868
619.0610362	0.309757057
619.1807288	0.313572704
619.3004236	0.319515483
619.4201206	0.322474689
619.5398199	0.325792695
619.6595214	0.327013293
619.7792251	0.330978575
619.898931	0.335697802
620.0186392	0.341868763
620.1383495	0.347295113
620.2580621	0.353525602
620.377777	0.35900724
620.497494	0.365156789
620.6172132	0.370414659
620.7369347	0.376746929
620.8566584	0.381472383
620.9763843	0.386633644
621.0961124	0.391293783
621.2158427	0.397890801
621.3355752	0.403544861
621.4553099	0.409717678
621.5750468	0.415186447
621.6947859	0.42229134
621.8145272	0.42919289
621.9342707	0.436523505
622.0540165	0.442840083
622.1737644	0.449799699
622.2935145	0.455788554
622.4132668	0.461822881
622.5330212	0.467120897
622.6527779	0.473759467
622.7725368	0.480413904
622.8922978	0.487752952
623.012061	0.494678934
623.1318264	0.502003708
623.251594	0.509280781
623.3713638	0.516983932
623.4911358	0.524003877
623.6109099	0.531028742
623.7306862	0.536233136
623.8504647	0.541772622
623.9702453	0.546103303
624.0900281	0.552592203
624.2098131	0.558081704
624.3296003	0.564691119
624.4493896	0.569442279
624.5691811	0.575891165
624.6889747	0.582511386
624.8087705	0.590963146
624.9285685	0.598753771
625.0483686	0.606563788
625.1681709	0.613753409
625.2879753	0.62122772
625.4077819	0.626687759
625.5275906	0.632969231
625.6474015	0.638798984
625.7672146	0.647670388
625.8870298	0.654815515
626.0068471	0.663140786
626.1266666	0.668601924
626.2464882	0.676713376
626.366312	0.683625292
626.4861379	0.693567032
626.6059659	0.700757553
626.7257961	0.709405694
626.8456284	0.71631089
626.9654628	0.724442404
627.0852994	0.732488498
627.2051381	0.740886727
627.3249789	0.748777069
627.4448219	0.756254454
627.564667	0.762259978
627.6845142	0.769862973
627.8043635	0.776864404
627.924215	0.78615397
628.0440686	0.792603142
628.1639243	0.799870266
628.2837821	0.806041809
628.403642	0.814503429
628.523504	0.820328626
628.6433682	0.828129254
628.7632344	0.833353447
628.8831028	0.840609908
629.0029733	0.845021353
629.1228458	0.851528317
629.2427205	0.857213409
629.3625973	0.864809003
629.4824762	0.871751742
629.6023572	0.879778971
629.7222403	0.885936558
629.8421255	0.891367827
629.9620127	0.894994482
630.0819021	0.898035123
630.2017936	0.900450524
630.3216871	0.902841186
630.4415828	0.905470286
630.5614805	0.91020649
630.6813803	0.916932873
630.8012822	0.926269086
630.9211862	0.933509493
631.0410922	0.937936213
631.1610004	0.937758092
631.2809106	0.937683412
631.4008229	0.938503637
631.5207372	0.943644957
631.6406537	0.948987754
631.7605722	0.956034492
631.8804928	0.961417852
632.0004154	0.969947137
632.1203401	0.976747245
632.2402669	0.982407916
632.3601958	0.984705504
632.4801267	0.987267862
632.6000597	0.989494932
632.7199947	0.991443911
632.8399318	0.991927837
632.9598709	0.991748026
633.0798121	0.991693682
633.1997554	0.993515558
633.3197007	0.995484127
633.439648	0.998899675
633.5595974	0.99947349
633.6795489	1
633.7995024	0.997859932
633.9194579	0.996663788
634.0394155	0.99432287
634.1593751	0.991137875
634.2793368	0.987589448
634.3993005	0.984528339
634.5192662	0.980508877
634.639234	0.975513492
634.7592038	0.970303191
634.8791756	0.967287158
634.9991495	0.965131366
635.1191254	0.962708233
635.2391033	0.95780444
635.3590833	0.950037039
635.4790652	0.939414674
635.5990492	0.927766533
635.7190352	0.916404212
635.8390233	0.907104478
635.9590133	0.899160297
636.0790054	0.891955511
636.1989995	0.884016304
636.3189955	0.877289635
636.4389937	0.86750569
636.5589938	0.857484724
636.6789959	0.8439993
636.799	0.83388616
636.9190062	0.821600888
637.0390143	0.809112251
637.1590244	0.794295026
637.2790366	0.782104322
637.3990507	0.771820913
637.5190669	0.762203196
637.639085	0.751570541
637.7591051	0.740194461
637.8791272	0.728386823
637.9991514	0.716497729
638.1191775	0.702397455
638.2392056	0.690106341
638.3592356	0.677944702
638.4792677	0.667660097
638.5993017	0.654775753
638.7193378	0.643119662
638.8393758	0.630366606
638.9594158	0.61833419
639.0794577	0.60416041
639.1995017	0.591138938
639.3195476	0.576854515
639.4395955	0.564758465
639.5596454	0.552755269
639.6796972	0.542201852
639.799751	0.529148118
639.9198068	0.516499534
640.0398645	0.503195964
640.1599242	0.491835302
640.2799859	0.479344369
640.4000495	0.468340683
640.5201151	0.455988735
640.6401826	0.444630488
640.7602521	0.433293291
640.8803235	0.423015054
641.0003969	0.412527061
641.1204723	0.402487076
641.2405496	0.389899589
641.3606288	0.376427419
641.48071	0.363998836
641.6007932	0.353451854
641.7208782	0.344797432
641.8409653	0.334807552
641.9610542	0.326403812
642.0811451	0.31739831
642.201238	0.308138503
642.3213328	0.298043778
642.4414295	0.289810328
642.5615281	0.281910641
642.6816287	0.274887029
642.8017312	0.266306145
642.9218357	0.258518254
643.041942	0.250591939
643.1620503	0.244606752
643.2821605	0.238015718
643.4022726	0.231367618
643.5223867	0.223491639
643.6425027	0.217184087
643.7626206	0.211836074
643.8827404	0.207428769
644.0028621	0.202943137
644.1229857	0.198449764
644.2431113	0.192892171
644.3632387	0.187675632
644.4833681	0.181380324
644.6034994	0.177215223
644.7236325	0.171528242
644.8437676	0.167496482
644.9639046	0.162185552
645.0840435	0.157969555
645.2041843	0.152852491
645.3243269	0.149379381
645.4444715	0.144973921
645.564618	0.142033865
645.6847663	0.137118421
645.8049166	0.133875447
645.9250687	0.129244308
646.0452228	0.126103281
646.1653787	0.122188873
646.2855365	0.119804196
646.4056962	0.116285702
646.5258577	0.1131997
646.6460212	0.108680412
646.7661865	0.105374288
646.8863537	0.101846954
647.0065228	0.099520453
647.1266937	0.096183736
647.2468665	0.093425381
647.3670412	0.089523513
647.4872178	0.086976813
647.6073962	0.08344904
647.7275765	0.081228845
647.8477587	0.077903856
647.9679427	0.075724026
648.0881286	0.072685252
648.2083164	0.070479706
648.328506	0.067425592
648.4486975	0.0654561
648.5688908	0.062377653
648.689086	0.060991947
648.809283	0.058493541
648.9294819	0.056844086
649.0496826	0.053041397
649.1698852	0.0507099
649.2900896	0.047305036
649.4102959	0.046451692
649.530504	0.04475155
649.6507139	0.045059442
649.7709257	0.044972243
649.8911394	0.045293597
650.0113549	0.045003033
650.1315722	0.041992623
650.2517913	0.038223459
650.3720123	0.035540882
650.4922351	0.032939453
650.6124597	0.033512851
650.7326862	0.030241635
650.8529145	0.028212045
650.9731446	0.023417105
651.0933765	0.022151617
651.2136103	0.022418166
651.3338459	0.023616341
651.4540833	0.024584775
651.5743225	0.023964072
651.6945635	0.024072134
651.8148063	0.022453766
651.935051	0.023012878
652.0552975	0.021830153
652.1755458	0.022583681
652.2957958	0.022247195
652.4160477	0.021845241
652.5363014	0.020814546
652.6565569	0.018328745
652.7768142	0.016979803
652.8970733	0.014597333
653.0173342	0.013986798
653.1375969	0.012196536
653.2578614	0.012054345
653.3781277	0.010427071
653.4983958	0.009951864
653.6186657	0.008199497
653.7389373	0.00828182
653.8592108	0.007036318
653.979486	0.007004418
654.099763	0.00570825
654.2200418	0.005369008
654.3403224	0.004100874
654.4606048	0.003553105
654.5808889	0.002434904
654.7011749	0.002216473
654.8214626	0.001243713
654.941752	0.001352687
655.0620433	0.000687566
655.1823363	0.000761994
655.3026311	0.000225305
655.4229276	0.000138798
655.5432259	6.36889E-07
655.663526	8.56506E-07
655.7838279	2.08636E-07
655.9041315	2.08636E-07
656.0244368	0
656.144744	0
656.2650528	0
656.3853635	0
656.5056759	0
656.62599	0
656.7463059	0
656.8666236	0
656.986943	1.09808E-07
657.1072641	1.09808E-07
657.227587	1.09808E-07
657.3479116	0
657.468238	0
657.5885661	0
657.7088959	0
657.8292275	0
657.9495608	0
658.0698959	0
658.1902327	0
658.3105712	0
658.4309114	2.08636E-07
658.5512534	2.08636E-07
658.6715971	2.08636E-07
658.7919425	0
658.9122897	4.28253E-07
659.0326385	6.36889E-07
659.1529891	6.36889E-07
659.2733414	2.08636E-07
659.3936955	0
659.5140512	2.08636E-07
659.6344087	2.08636E-07
659.7547678	1.06514E-06
659.8751287	1.06514E-06
659.9954913	1.28476E-06
660.1158556	1.17495E-06
660.2362216	1.17495E-06
660.3565893	9.66314E-07
660.4769587	7.46698E-07
660.5973298	7.46698E-07
660.7177026	9.66314E-07
660.8380771	8.56506E-07
660.9584533	1.06514E-06
661.0788312	1.39457E-06
661.1992108	1.28476E-06
661.3195921	1.82282E-06
661.4399751	1.28476E-06
661.5603597	1.71301E-06
661.6807461	9.66314E-07
661.8011341	2.56952E-06
661.9215239	2.66835E-06
662.0419153	3.74447E-06
662.1623083	2.56952E-06
662.2827031	3.20641E-06
662.4030996	2.66835E-06
662.5234977	2.56952E-06
662.6438975	1.28476E-06
662.764299	1.6032E-06
662.8847021	2.3499E-06
663.0051069	4.17272E-06
663.1255134	5.23786E-06
663.2459216	5.34767E-06
663.3663314	3.31622E-06
663.4867429	4.17272E-06
663.607156	3.42602E-06
663.7275708	4.28253E-06
663.8479873	3.63466E-06
663.9684054	4.80961E-06
664.0888252	5.34767E-06
664.2092466	5.66612E-06
664.3296697	5.66612E-06
664.4500945	4.60097E-06
664.5705208	3.31622E-06
664.6909489	2.77815E-06
664.8113786	2.45971E-06
664.9318099	2.99777E-06
665.0522429	5.45748E-06
665.1726775	5.77593E-06
665.2931138	6.73126E-06
665.4135517	5.02923E-06
665.5339912	4.6998E-06
665.6544324	3.52485E-06
665.7748752	2.88796E-06
665.8953197	4.80961E-06
666.0157658	3.9531E-06
666.1362135	4.38136E-06
666.2566628	5.23786E-06
666.3771138	6.63243E-06
666.4975664	5.23786E-06
666.6180206	2.88796E-06
666.7384764	1.28476E-06
666.8589339	2.24009E-06
666.979393	3.85428E-06
667.0998537	5.02923E-06
667.220316	6.52262E-06
667.3407799	6.95088E-06
667.4612455	7.26932E-06
667.5817126	6.73126E-06
667.7021814	5.45748E-06
667.8226518	4.28253E-06
667.9431237	2.14127E-06
668.0635973	3.63466E-06
668.1840725	4.80961E-06
668.3045493	7.06068E-06
668.4250277	6.20418E-06
668.5455077	6.52262E-06
668.6659893	5.77593E-06
668.7864725	5.45748E-06
668.9069573	6.52262E-06
669.0274437	6.63243E-06
669.1479317	7.48894E-06
669.2684212	5.98456E-06
669.3889124	7.91719E-06
669.5094051	9.41059E-06
669.6298994	1.12224E-05
669.7503954	9.30078E-06
669.8708929	5.98456E-06
669.9913919	4.60097E-06
670.1118926	4.17272E-06
670.2323948	5.12806E-06
670.3528986	5.34767E-06
670.473404	7.37913E-06
670.593911	7.91719E-06
670.7144195	7.06068E-06
670.8349296	5.34767E-06
670.9554413	4.80961E-06
671.0759545	5.34767E-06
671.1964693	5.55631E-06
671.3169857	4.91942E-06
671.4375036	5.23786E-06
671.5580231	7.37913E-06
671.6785441	8.44427E-06
671.7990667	8.01602E-06
671.9195909	7.26932E-06
672.0401166	5.55631E-06
672.1606439	1.37919E-05
672.2811727	1.06953E-05
672.4017031	2.15993E-05
672.522235	1.11236E-05
672.6427685	2.3521E-05
672.7633035	1.24084E-05
672.8838401	2.73752E-05
673.0043782	1.51865E-05
673.1249178	2.6947E-05
673.245459	1.21887E-05
673.3660017	2.33123E-05
673.486546	1.17605E-05
673.6070918	2.32025E-05
673.7276391	1.18703E-05
673.848188	2.21374E-05
673.9687384	1.04757E-05
674.0892903	2.15993E-05
674.2098437	1.11236E-05
674.3303987	2.28841E-05
674.4509552	1.17605E-05
674.5715132	2.41688E-05
674.6920727	1.24084E-05
674.8126338	2.3521E-05
674.9331964	1.13322E-05
675.0537605	1.98863E-05
675.1743261	8.76272E-06
675.2948932	2.03146E-05
675.4154618	1.17605E-05
675.536032	2.54536E-05
675.6566036	1.36821E-05
675.7771768	2.62991E-05
675.8977515	1.2617E-05
676.0183276	2.11711E-05
676.1389053	8.55408E-06
676.2594845	2.04244E-05
676.3800651	1.20789E-05
676.5006473	2.25656E-05
676.621231	1.06953E-05
676.7418161	2.15993E-05
676.8624028	1.11236E-05
676.9829909	2.3521E-05
677.1035806	1.24084E-05
677.2241717	2.54536E-05
677.3447643	1.30452E-05
677.4653584	2.28841E-05
677.585954	9.83884E-06
677.7065511	2.22362E-05
677.8271496	1.2617E-05
677.9477496	2.37406E-05
678.0683511	1.13322E-05
678.1889541	2.3521E-05
678.3095586	1.2617E-05
678.4301645	2.50253E-05
678.5507719	1.2617E-05
678.6713807	2.41688E-05
678.7919911	1.17605E-05
678.9126029	2.54536E-05
679.0332162	1.36821E-05
679.1538309	2.54536E-05
679.2744471	1.17605E-05
679.3950647	2.48057E-05
679.5156839	1.30452E-05
679.6363044	2.60905E-05
679.7569265	1.32539E-05
679.87755	2.62991E-05
679.9981749	1.32539E-05
680.1188013	2.48057E-05
680.2394291	1.17605E-05
680.3600584	2.41688E-05
680.4806892	1.24084E-05
680.6013213	2.41688E-05
680.721955	1.17605E-05
680.84259	2.28841E-05
680.9632265	1.13322E-05
681.0838645	2.50253E-05
681.2045039	1.39018E-05
681.3251447	2.53438E-05
681.4457869	1.16507E-05
681.5664306	2.14895E-05
681.6870758	9.83884E-06
681.8077223	2.3521E-05
681.9283703	1.39018E-05
682.0490197	2.6947E-05
682.1696705	1.32539E-05
682.2903228	2.22362E-05
682.4109765	9.19097E-06
682.5316316	1.96777E-05
682.6522881	1.04757E-05
682.772946	2.48057E-05
682.8936054	1.433E-05
683.0142661	2.48057E-05
683.1349283	1.1442E-05
683.2555919	2.32025E-05
683.3762569	1.29354E-05
683.4969233	2.56622E-05
683.6175911	1.39018E-05
683.7382604	2.67274E-05
683.858931	1.30452E-05
683.979603	2.54536E-05
684.1002765	1.24084E-05
684.2209513	2.3521E-05
684.3416275	1.11236E-05
684.4623051	2.41688E-05
684.5829841	1.30452E-05
684.7036646	2.60905E-05
684.8243464	1.30452E-05
684.9450295	2.48057E-05
685.0657141	1.17605E-05
685.1864001	2.41688E-05
685.3070874	1.24084E-05
685.4277762	2.73752E-05
685.5484663	1.49669E-05
685.6691578	2.866E-05
685.7898507	1.36821E-05
685.9105449	2.866E-05
686.0312406	1.49669E-05
686.1519376	2.70568E-05
686.272636	1.22985E-05
686.3933357	2.14895E-05
686.5140368	9.61922E-06
686.6347393	2.11711E-05
686.7554432	1.19801E-05
686.8761484	2.3521E-05
686.996855	1.17605E-05
687.1175629	2.22362E-05
687.2382722	1.04757E-05
687.3589829	2.09624E-05
687.4796949	1.04757E-05
687.6004083	2.05342E-05
687.721123	1.00475E-05
687.8418391	2.30927E-05
687.9625566	1.30452E-05
688.0832754	2.54536E-05
688.2039955	1.32539E-05
688.324717	2.62991E-05
688.4454398	1.39018E-05
688.566164	2.54536E-05
688.6868895	1.24084E-05
688.8076164	2.60905E-05
688.9283446	1.51865E-05
689.0490741	2.71556E-05
689.169805	1.34735E-05
689.2905372	2.30927E-05
689.4112707	1.11236E-05
689.5320056	2.46959E-05
689.6527418	1.37919E-05
689.7734793	2.42677E-05
689.8942181	1.06953E-05
690.0149583	2.48057E-05
690.1356998	1.433E-05
690.2564426	2.48057E-05
690.3771868	1.06953E-05
690.4979322	2.1808E-05
690.618679	1.13322E-05
690.7394271	2.14895E-05
690.8601765	1.03769E-05
690.9809273	2.02048E-05
691.1016793	1.00475E-05
691.2224326	2.56622E-05
691.3431873	1.58234E-05
691.4639433	2.67274E-05
691.5847005	1.11236E-05
691.7054591	2.41688E-05
691.826219	1.30452E-05
691.9469801	2.48057E-05
692.0677426	1.17605E-05
692.1885064	2.28841E-05
692.3092714	1.11236E-05
692.4300378	2.3521E-05
692.5508054	1.24084E-05
692.6715744	2.54536E-05
692.7923446	1.30452E-05
692.9131161	2.41688E-05
693.0338889	1.11236E-05
693.154663	2.41688E-05
693.2754384	1.30452E-05
693.3962151	2.80121E-05
693.516993	1.49669E-05
693.6377722	2.48057E-05
693.7585527	9.83884E-06
693.8793345	1.90298E-05
694.0001175	9.19097E-06
694.1209018	2.03146E-05
694.2416874	1.11236E-05
694.3624743	2.41688E-05
694.4832624	1.30452E-05
694.6040518	2.73752E-05
694.7248424	1.433E-05
694.8456344	2.80121E-05
694.9664275	1.36821E-05
695.087222	2.80121E-05
695.2080177	1.433E-05
695.3288147	2.6947E-05
695.4496129	1.34735E-05
695.5704123	2.65187E-05
695.6912131	1.39018E-05
695.812015	2.67274E-05
695.9328183	1.36821E-05
696.0536227	2.54536E-05
696.1744284	1.17605E-05
696.2952354	2.54536E-05
696.4160436	1.36821E-05
696.5368531	2.60905E-05
696.6576637	1.24084E-05
696.7784757	2.67274E-05
696.8992888	1.433E-05
697.0201032	2.48057E-05
697.1409189	1.04757E-05
697.2617357	2.15993E-05
697.3825538	1.17605E-05
697.5033732	2.48057E-05
697.6241937	1.36821E-05
697.7450155	2.67274E-05
697.8658385	1.36821E-05
697.9866627	2.60905E-05
698.1074882	1.24084E-05
698.2283149	2.3521E-05
698.3491427	1.11236E-05
698.4699718	2.60905E-05
698.5908022	1.49669E-05
698.7116337	2.54536E-05
698.8324665	1.08052E-05
698.9533004	2.44873E-05
699.0741356	1.40116E-05
699.194972	2.62003E-05
699.3158096	1.25072E-05
699.4366483	2.17091E-05
699.5574883	9.19097E-06
699.6783295	2.22362E-05
699.7991719	1.30452E-05
699.9200155	2.70568E-05
700.0408603	1.40116E-05
700.1617063	2.89785E-05
700.2825535	1.49669E-05
700.4034019	2.48057E-05
700.5242514	9.83884E-06
700.6451022	2.28841E-05
700.7659541	1.30452E-05
700.8868072	2.54536E-05
701.0076616	1.24084E-05
701.1285171	2.43775E-05
701.2493737	1.19801E-05
701.3702316	2.30927E-05
701.4910906	1.11236E-05
701.6119508	2.28841E-05
701.7328122	1.17605E-05
701.8536748	2.03146E-05
701.9745385	8.55408E-06
702.0954034	1.58234E-05
702.2162695	7.26932E-06
702.3371368	1.83929E-05
702.4580052	1.11236E-05
702.5788748	2.09624E-05
702.6997455	9.83884E-06
702.8206174	2.15993E-05
702.9414905	1.44398E-05
703.0623647	1.80745E-05
703.1832401	8.01602E-06
703.3041166	9.30078E-06
703.4249943	9.09214E-06
703.5458731	1.11236E-05
703.6667531	7.91719E-06
703.7876342	6.31399E-06
703.9085165	5.45748E-06
704.0294	8.66389E-06
704.1502845	1.00475E-05
704.2711703	8.7737E-06
704.3920571	6.84107E-06
704.5129451	6.20418E-06
704.6338343	7.80738E-06
704.7547245	7.91719E-06
704.875616	8.98233E-06
704.9965085	9.41059E-06
705.1174022	7.48894E-06
705.238297	5.88573E-06
705.3591929	3.9531E-06
705.48009	5.23786E-06
705.6009882	5.98456E-06
705.7218875	8.55408E-06
705.842788	9.94865E-06
705.9636895	8.23563E-06
706.0845922	7.26932E-06
706.205496	6.31399E-06
706.3264009	8.55408E-06
706.447307	7.37913E-06
706.5682141	6.84107E-06
706.6891224	5.45748E-06
706.8100317	5.98456E-06
706.9309422	6.63243E-06
707.0518538	7.37913E-06
707.1727665	8.55408E-06
707.2936803	8.55408E-06
707.4145952	1.06953E-05
707.5355112	1.19801E-05
707.6564283	1.24084E-05
707.7773465	1.03769E-05
707.8982658	6.73126E-06
708.0191862	5.98456E-06
708.1401077	4.91942E-06
708.2610303	5.12806E-06
708.3819539	6.52262E-06
708.5028787	8.12583E-06
708.6238046	9.61922E-06
708.7447315	9.41059E-06
708.8656595	9.19097E-06
708.9865886	8.98233E-06
709.1075188	7.69757E-06
709.2284501	7.06068E-06
709.3493824	6.52262E-06
709.4703158	9.09214E-06
709.5912503	8.44427E-06
709.7121859	9.30078E-06
709.8331225	9.94865E-06
709.9540602	1.02671E-05
710.074999	9.83884E-06
710.1959389	6.73126E-06
710.3168798	6.73126E-06
710.4378218	6.52262E-06
710.5587648	7.26932E-06
710.6797089	7.37913E-06
710.8006541	7.06068E-06
710.9216003	7.15951E-06
711.0425476	6.63243E-06
711.1634959	9.19097E-06
711.2844453	8.34544E-06
711.4053957	9.72903E-06
711.5263472	6.95088E-06
711.6472998	8.12583E-06
711.7682533	1.03769E-05
711.889208	1.24084E-05
712.0101637	1.34735E-05
712.1311204	1.06953E-05
712.2520781	8.7737E-06
712.3730369	7.15951E-06
712.4939968	7.06068E-06
712.6149576	8.12583E-06
712.7359196	7.06068E-06
712.8568825	7.58776E-06
712.9778465	5.66612E-06
713.0988115	8.23563E-06
713.2197775	7.15951E-06
713.3407446	9.09214E-06
713.4617127	6.20418E-06
713.5826818	5.98456E-06
713.7036519	5.12806E-06
713.8246231	6.52262E-06
713.9455953	8.23563E-06
714.0665685	7.48894E-06
714.1875427	8.01602E-06
714.3085179	7.91719E-06
714.4294942	8.55408E-06
714.5504714	8.01602E-06
714.6714497	6.41281E-06
714.792429	7.80738E-06
714.9134092	7.69757E-06
715.0343905	1.03769E-05
715.1553728	9.09214E-06
715.2763561	9.52039E-06
715.3973404	7.48894E-06
715.5183257	7.69757E-06
715.639312	6.09437E-06
715.7602993	6.95088E-06
715.8812876	6.63243E-06
716.0022769	9.72903E-06
716.1232671	1.19801E-05
716.2442584	1.15519E-05
716.3652506	9.61922E-06
716.4862439	7.58776E-06
716.6072381	7.15951E-06
716.7282333	6.52262E-06
716.8492295	4.91942E-06
716.9702267	5.55631E-06
717.0912248	1.01573E-05
717.212224	1.28366E-05
717.3332241	1.24084E-05
717.4542252	9.72903E-06
717.5752272	8.34544E-06
717.6962302	9.19097E-06
717.8172342	7.80738E-06
717.9382392	7.69757E-06
718.0592451	8.01602E-06
718.180252	6.31399E-06
718.3012599	6.20418E-06
718.4222687	4.6998E-06
718.5432785	6.31399E-06
718.6642893	3.9531E-06
718.785301	6.41281E-06
718.9063136	7.80738E-06
719.0273273	9.30078E-06
719.1483418	5.77593E-06
719.2693574	5.12806E-06
719.3903738	5.12806E-06
719.5113913	7.48894E-06
719.6324096	6.41281E-06
719.7534289	7.06068E-06
719.8744492	5.12806E-06
719.9954704	4.38136E-06
720.1164925	3.9531E-06
720.2375156	6.73126E-06
720.3585397	8.7737E-06
720.4795646	9.30078E-06
720.6005905	6.41281E-06
720.7216173	6.84107E-06
720.8426451	6.73126E-06
720.9636738	8.23563E-06
721.0847034	8.98233E-06
721.2057339	8.98233E-06
721.3267654	9.41059E-06
721.4477978	7.15951E-06
721.5688311	7.26932E-06
721.6898654	6.95088E-06
721.8109005	8.87252E-06
721.9319366	8.55408E-06
722.0529736	7.06068E-06
722.1740115	6.31399E-06
722.2950503	5.55631E-06
722.4160901	7.37913E-06
722.5371307	6.31399E-06
722.6581722	7.37913E-06
722.7792147	6.20418E-06
722.9002581	7.80738E-06
723.0213023	7.37913E-06
723.1423475	9.19097E-06
723.2633936	8.66389E-06
723.3844406	1.05855E-05
723.5054884	8.7737E-06
723.6265372	7.91719E-06
723.7475869	4.6998E-06
723.8686374	7.37913E-06
723.9896889	7.91719E-06
724.1107412	7.69757E-06
724.2317944	4.6998E-06
724.3528485	5.02923E-06
724.4739035	7.48894E-06
724.5949594	1.08052E-05
724.7160162	8.23563E-06
724.8370738	7.37913E-06
724.9581323	5.88573E-06
725.0791918	7.91719E-06
725.200252	7.80738E-06
725.3213132	7.48894E-06
725.4423752	7.58776E-06
725.5634381	7.80738E-06
725.6845019	7.48894E-06
725.8055665	7.48894E-06
725.926632	6.95088E-06
726.0476984	7.80738E-06
726.1687656	8.7737E-06
726.2898337	9.72903E-06
726.4109027	1.05855E-05
726.5319725	1.17605E-05
726.6530432	9.94865E-06
726.7741147	9.19097E-06
726.8951871	5.34767E-06
727.0162603	6.84107E-06
727.1373344	3.85428E-06
727.2584094	5.55631E-06
727.3794852	8.34544E-06
727.5005618	1.11236E-05
727.6216393	1.06953E-05
727.7427176	8.23563E-06
727.8637968	1.04757E-05
727.9848768	1.10138E-05
728.1059576	1.16507E-05
728.2270393	8.7737E-06
728.3481219	9.61922E-06
728.4692052	9.61922E-06
728.5902894	9.94865E-06
728.7113744	1.04757E-05
728.8324603	8.87252E-06
728.953547	1.05855E-05
729.0746345	8.98233E-06
729.1957228	7.91719E-06
729.316812	5.77593E-06
729.437902	6.20418E-06
729.5589928	7.06068E-06
729.6800844	6.20418E-06
729.8011768	6.41281E-06
729.9222701	6.31399E-06
730.0433641	9.41059E-06
730.164459	6.41281E-06
730.2855547	9.19097E-06
730.4066512	6.84107E-06
730.5277485	9.30078E-06
730.6488467	6.09437E-06
730.7699456	8.7737E-06
730.8910453	1.0904E-05
731.0121458	1.16507E-05
731.1332472	9.61922E-06
731.2543493	5.98456E-06
731.3754522	7.26932E-06
731.496556	5.66612E-06
731.6176605	6.52262E-06
731.7387658	6.20418E-06
731.8598719	8.98233E-06
731.9809788	9.52039E-06
732.1020865	1.01573E-05
732.2231949	1.02671E-05
732.3443042	1.00475E-05
732.4654142	1.02671E-05
732.5865251	8.01602E-06
732.7076367	1.01573E-05
732.828749	9.52039E-06
732.9498622	7.69757E-06
733.0709761	7.06068E-06
733.1920909	8.98233E-06
733.3132063	1.03769E-05
733.4343226	8.87252E-06
733.5554396	8.98233E-06
733.6765574	1.17605E-05
733.797676	1.18703E-05
733.9187953	6.63243E-06
734.0399154	1.57136E-05
734.1610362	1.34735E-05
734.2821578	2.5234E-05
734.4032802	1.21887E-05
734.5244033	2.43775E-05
734.6455272	1.2617E-05
734.7666519	2.73752E-05
734.8877773	1.49669E-05
735.0089034	2.92969E-05
735.1300303	1.433E-05
735.2511579	2.67274E-05
735.3722863	1.24084E-05
735.4934155	2.866E-05
735.6145453	1.64713E-05
735.735676	3.01534E-05
735.8568073	1.39018E-05
735.9779394	2.92969E-05
736.0990723	1.56148E-05
736.2202058	3.12185E-05
736.3413401	1.56148E-05
736.4624752	3.12185E-05
736.583611	1.58234E-05
736.7047475	3.01534E-05
736.8258847	1.45386E-05
736.9470226	2.80121E-05
737.0681613	1.36821E-05
737.1893007	2.60905E-05
737.3104409	1.24084E-05
737.4315817	2.48057E-05
737.5527233	1.24084E-05
737.6738656	2.67274E-05
737.7950086	1.433E-05
737.9161523	2.73752E-05
738.0372967	1.30452E-05
738.1584418	2.73752E-05
738.2795877	1.433E-05
738.4007343	3.12185E-05
738.5218815	1.68995E-05
738.6430295	2.99448E-05
738.7641782	1.30452E-05
738.8853275	2.80121E-05
739.0064776	1.49669E-05
739.1276284	3.05817E-05
739.2487799	1.56148E-05
739.369932	3.12185E-05
739.4910849	1.56148E-05
739.6122385	3.05817E-05
739.7333927	1.49669E-05
739.8545476	2.67274E-05
739.9757033	1.19801E-05
740.0968596	2.62991E-05
740.2180166	1.45386E-05
740.3391743	2.80121E-05
740.4603326	1.36821E-05
740.5814917	2.60905E-05
740.7026514	1.24084E-05
740.8238118	2.67274E-05
740.9449729	1.433E-05
741.0661346	2.866E-05
741.187297	1.433E-05
741.3084601	2.92969E-05
741.4296239	1.49669E-05
741.5507883	2.866E-05
741.6719534	1.36821E-05
741.7931192	2.80121E-05
741.9142856	1.433E-05
742.0354527	2.4059E-05
742.1566204	9.72903E-06
742.2777888	2.21374E-05
742.3989579	1.24084E-05
742.5201276	2.67274E-05
742.641298	1.433E-05
742.762469	2.62991E-05
742.8836407	1.21887E-05
743.004813	2.78035E-05
743.125986	1.58234E-05
743.2471596	2.866E-05
743.3683339	1.30452E-05
743.4895088	2.59807E-05
743.6106844	1.29354E-05
743.7318606	2.59807E-05
743.8530374	1.30452E-05
743.9742149	2.54536E-05
744.095393	1.24084E-05
744.2165717	2.99448E-05
744.3377511	1.75364E-05
744.4589311	3.37881E-05
744.5801117	1.62517E-05
744.701293	3.31512E-05
744.8224749	1.68995E-05
744.9436574	2.99448E-05
745.0648405	1.30452E-05
745.1860243	2.73752E-05
745.3072087	1.48681E-05
745.4283937	2.9835E-05
745.5495793	2.32574E-05