WAVELENGTH	NORM_INTENSITY
200.03757	0
200.24029	0
200.44301	0
200.64576	0
200.84852	0
201.0513	0
201.2541	0
201.45692	0
201.65975	0
201.8626	0
202.06546	0
202.26835	0
202.47125	0
202.67416	0
202.8771	0
203.08005	0
203.28302	0
203.486	0
203.68901	0
203.89203	0
204.09506	0
204.29812	0
204.50119	0
204.70428	0
204.90738	0
205.1105	0
205.31364	0
205.5168	0
205.71997	0
205.92316	0
206.12637	0
206.3296	0
206.53284	0
206.7361	0
206.93937	0
207.14266	0
207.34597	0
207.5493	0
207.75264	0
207.956	0
208.15938	0
208.36278	0
208.56619	0
208.76962	0
208.97306	0
209.17652	0
209.38	0
209.5835	0
209.78701	0
209.99054	0
210.19409	0
210.39766	0
210.60124	0
210.80484	0
211.00845	0
211.21208	0
211.41573	0
211.6194	0
211.82308	0
212.02678	0
212.2305	0
212.43423	0
212.63798	0
212.84175	0
213.04554	0
213.24934	0
213.45316	0
213.65699	0
213.86084	0
214.06471	0
214.2686	0
214.4725	0
214.67642	0
214.88036	0
215.08431	0
215.28828	0
215.49227	0
215.69628	0
215.9003	0
216.10434	0
216.30839	0
216.51246	0
216.71655	0
216.92066	0
217.12478	0
217.32892	0
217.53308	0
217.73725	0
217.94144	0
218.14565	0
218.34987	0
218.55411	0
218.75837	0
218.96264	0
219.16693	0
219.37124	0
219.57557	0
219.77991	0
219.98427	0
220.18864	0
220.39303	0
220.59744	0
220.80187	0
221.00631	0
221.21077	0
221.41525	0
221.61974	0
221.82425	0
222.02878	0
222.23332	0
222.43788	0
222.64246	0
222.84705	0
223.05166	0
223.25629	0
223.46093	0
223.66559	0
223.87027	0
224.07496	0
224.27968	0
224.4844	0
224.68915	0
224.89391	0
225.09869	0
225.30348	0
225.50829	0
225.71312	0
225.91797	0
226.12283	0
226.32771	0
226.5326	0
226.73751	0
226.94244	0
227.14739	0
227.35235	0
227.55733	0
227.76232	0
227.96734	0
228.17237	0
228.37741	0
228.58247	0
228.78755	0
228.99265	0
229.19776	0
229.40289	0
229.60803	0
229.8132	0
230.01838	0
230.22357	0
230.42878	0
230.63401	0
230.83926	0
231.04452	0
231.2498	0
231.4551	0
231.66041	0
231.86574	0
232.07108	0
232.27644	0
232.48182	0
232.68722	0
232.89263	0
233.09806	0
233.3035	0
233.50897	0
233.71444	0
233.91994	0
234.12545	0
234.33098	0
234.53653	0
234.74209	0
234.94766	0
235.15326	0
235.35887	0
235.5645	0
235.77014	0
235.9758	0
236.18148	0
236.38718	0
236.59289	0
236.79861	0
237.00436	0
237.21012	0
237.4159	0
237.62169	0
237.8275	0
238.03333	0
238.23917	0
238.44503	0
238.65091	0
238.8568	0
239.06271	0
239.26863	0
239.47458	0
239.68054	0
239.88651	0
240.0925	0
240.29851	0
240.50454	0
240.71058	0
240.91664	0
241.12271	0
241.3288	0
241.53491	0
241.74103	0
241.94717	0
242.15333	0
242.3595	0
242.56569	0
242.7719	0
242.97812	0
243.18436	0
243.39062	0
243.59689	0
243.80318	0
244.00949	0
244.21581	0
244.42215	0
244.6285	0
244.83487	0
245.04126	0
245.24766	0
245.45408	0
245.66052	0
245.86697	0
246.07344	0
246.27993	0
246.48643	0
246.69295	0
246.89949	0
247.10604	0
247.31261	0
247.51919	0
247.72579	0
247.93241	0
248.13904	0
248.34569	0
248.55236	0
248.75904	0
248.96574	0
249.17246	0
249.37919	0
249.58594	0
249.7927	0
249.99948	0
250.20628	0
250.4131	0
250.61993	0
250.82677	0
251.03364	0
251.24052	0
251.44741	0
251.65432	0
251.86125	0
252.0682	0
252.27516	0
252.48213	0
252.68913	0
252.89614	0
253.10316	0
253.31021	0
253.51727	0
253.72434	0
253.93143	0
254.13854	0
254.34567	0
254.55281	0
254.75996	0
254.96714	0
255.17433	0
255.38153	0
255.58875	0
255.79599	0
256.00325	0
256.21052	0
256.4178	0
256.62511	0
256.83243	0
257.03976	0
257.24711	0
257.45448	0
257.66187	0
257.86927	0
258.07669	0
258.28412	0
258.49157	0
258.69903	0
258.90652	0
259.11401	0
259.32153	0
259.52906	0
259.73661	0
259.94417	0
260.15175	0
260.35935	0
260.56696	0
260.77459	0
260.98223	0
261.18989	0
261.39757	0
261.60526	0
261.81297	0
262.02069	0
262.22844	0
262.43619	0
262.64397	0
262.85176	0
263.05956	0
263.26739	0
263.47522	0
263.68308	0
263.89095	0
264.09884	0
264.30674	0
264.51466	0
264.72259	0
264.93055	0
265.13851	0
265.3465	0
265.5545	0
265.76251	0
265.97054	0
266.17859	0
266.38666	0
266.59474	0
266.80283	0
267.01095	0
267.21908	0
267.42722	0
267.63538	0
267.84356	0
268.05175	0
268.25996	0
268.46819	0
268.67643	0
268.88469	0
269.09296	0
269.30125	0
269.50956	0
269.71788	0
269.92622	0
270.13457	0
270.34294	0
270.55133	0
270.75973	0
270.96815	0
271.17658	0
271.38503	0
271.5935	0
271.80198	0
272.01048	0
272.21899	0
272.42753	0
272.63607	0
272.84463	0
273.05321	0
273.26181	0
273.47042	0
273.67905	0
273.88769	0
274.09635	0
274.30502	0
274.51371	0
274.72242	0
274.93114	0
275.13988	0
275.34864	0
275.55741	0
275.76619	0
275.975	0
276.18381	0
276.39265	0
276.6015	0
276.81037	0
277.01925	0
277.22815	0
277.43706	0
277.64599	0
277.85494	0
278.0639	0
278.27288	0
278.48187	0
278.69088	0
278.89991	0
279.10895	0
279.31801	0
279.52708	0
279.73617	0
279.94528	0
280.1544	0
280.36354	0
280.57269	0
280.78186	0
280.99104	0
281.20025	0
281.40946	0
281.6187	0
281.82794	0
282.03721	0
282.24649	0
282.45579	0
282.6651	0
282.87443	0
283.08377	0
283.29313	0
283.50251	0
283.7119	0
283.92131	0
284.13073	0
284.34017	0
284.54962	0
284.75909	0
284.96858	0
285.17808	0
285.3876	0
285.59714	0
285.80669	0
286.01625	0
286.22583	0
286.43543	0
286.64505	0
286.85467	0
287.06432	0
287.27398	0
287.48366	0
287.69335	0
287.90306	0
288.11278	0
288.32252	0
288.53228	0
288.74205	0
288.95184	0
289.16164	0
289.37146	0
289.58129	0
289.79114	0
290.00101	0
290.21089	0
290.42079	0
290.6307	0
290.84063	0
291.05058	0
291.26054	0
291.47051	0
291.68051	0
291.89051	0
292.10054	0
292.31058	0
292.52063	0
292.7307	0
292.94079	0
293.15089	0
293.36101	0
293.57114	0
293.78129	0
293.99146	0
294.20164	0
294.41183	0
294.62205	0
294.83228	0
295.04252	0
295.25278	0
295.46305	0
295.67334	0
295.88365	0
296.09397	0
296.30431	0
296.51466	0
296.72503	0
296.93542	0
297.14582	0
297.35623	0
297.56667	0
297.77711	0
297.98758	0
298.19805	0
298.40855	0
298.61906	0
298.82958	0
299.04013	0
299.25068	0
299.46126	0
299.67184	0
299.88245	0
300.09307	0
300.3037	0
300.51435	0
300.72502	0
300.9357	0
301.1464	0
301.35711	0
301.56784	0
301.77858	0
301.98934	0
302.20012	0
302.41091	0
302.62172	0
302.83254	0
303.04338	0
303.25423	0
303.4651	0
303.67598	0
303.88688	0
304.0978	0
304.30873	0
304.51968	0
304.73064	0
304.94162	0
305.15261	0
305.36362	0
305.57464	0
305.78568	0
305.99674	0
306.20781	0
306.4189	0
306.63	0
306.84111	0
307.05225	0
307.2634	0
307.47456	0
307.68574	0
307.89694	0
308.10815	0
308.31937	0
308.53061	0
308.74187	0
308.95314	0
309.16443	0
309.37573	0
309.58705	0
309.79839	0
310.00974	0
310.2211	0
310.43248	0
310.64388	0
310.85529	0
311.06672	0
311.27816	0
311.48962	0
311.70109	0
311.91258	0
312.12409	0
312.33561	0
312.54714	0
312.75869	0
312.97026	0
313.18184	0
313.39344	0
313.60505	0
313.81668	0
314.02832	0
314.23998	0
314.45166	0
314.66335	0
314.87505	0
315.08677	0
315.29851	0
315.51026	0
315.72202	0
315.93381	0
316.1456	0
316.35742	0
316.56925	0
316.78109	0
316.99295	0
317.20482	0
317.41671	0
317.62862	0
317.84054	0
318.05247	0
318.26442	0
318.47639	0
318.68837	0
318.90037	0
319.11238	0
319.32441	0
319.53645	0
319.74851	0
319.96058	0
320.17267	0
320.38478	0
320.5969	0
320.80903	0
321.02118	0
321.23335	0
321.44553	0
321.65772	0
321.86994	0
322.08216	0
322.2944	0
322.50666	0
322.71893	0
322.93122	0
323.14353	0
323.35584	0
323.56818	0
323.78053	0
323.99289	0
324.20527	0
324.41767	0
324.63008	0
324.8425	0
325.05494	0
325.2674	0
325.47987	0
325.69235	0
325.90486	0
326.11737	0
326.32991	0
326.54245	0
326.75502	0
326.96759	0
327.18019	0
327.39279	0
327.60542	0
327.81806	0
328.03071	0
328.24338	0
328.45606	0
328.66876	0
328.88148	0
329.09421	0
329.30695	0
329.51971	0
329.73249	0
329.94528	0
330.15808	0
330.3709	0
330.58374	0
330.79659	0
331.00946	0
331.22234	0
331.43524	0
331.64815	0
331.86107	0
332.07402	0
332.28697	0
332.49995	0
332.71293	0
332.92594	0
333.13895	0
333.35199	0
333.56504	0
333.7781	0
333.99118	0
334.20427	0
334.41738	0
334.6305	0
334.84364	0
335.0568	0
335.26996	0
335.48315	0
335.69635	0
335.90956	0
336.12279	0
336.33604	0
336.5493	0
336.76257	0
336.97586	0
337.18917	0
337.40248	0
337.61582	0
337.82917	0
338.04253	0
338.25592	0
338.46931	0
338.68272	0
338.89615	0
339.10959	0
339.32304	0
339.53651	0
339.75	0
339.9635	0
340.17701	0
340.39054	0
340.60409	0
340.81765	0
341.03123	0
341.24482	0
341.45842	0
341.67204	0
341.88568	0
342.09933	0
342.31299	0
342.52667	0
342.74037	0
342.95408	0
343.16781	0
343.38155	0
343.5953	0
343.80907	0
344.02286	0
344.23666	0
344.45047	0
344.6643	0
344.87815	0
345.09201	0
345.30589	0
345.51978	0
345.73368	0
345.9476	0
346.16154	0
346.37549	0
346.58945	0
346.80343	0
347.01743	0
347.23144	0
347.44546	0
347.6595	0
347.87355	0
348.08762	0
348.30171	0
348.51581	0
348.72992	0
348.94405	0
349.15819	0
349.37235	0
349.58653	0
349.80072	0
350.01492	0
350.22914	0
350.44337	0
350.65762	0
350.87188	0
351.08616	0
351.30045	0
351.51476	0
351.72908	0
351.94342	0
352.15777	0
352.37214	0
352.58652	0
352.80092	0
353.01533	0
353.22976	0
353.4442	0
353.65865	0
353.87312	0
354.08761	0
354.30211	0
354.51663	0
354.73116	0
354.9457	0
355.16026	0
355.37484	0
355.58943	0
355.80403	0
356.01865	0
356.23328	0
356.44793	0
356.6626	0
356.87727	0
357.09197	0
357.30667	0
357.5214	0
357.73613	0
357.95089	0
358.16565	0
358.38043	0
358.59523	0
358.81004	0
359.02487	0
359.23971	0
359.45456	0
359.66943	0
359.88432	0
360.09922	0
360.31413	0
360.52906	0
360.74401	0
360.95897	0
361.17394	0
361.38893	0
361.60393	0
361.81895	0
362.03398	0
362.24903	0
362.46409	0
362.67916	0
362.89426	0
363.10936	0
363.32448	0
363.53962	0
363.75477	0
363.96993	0
364.18511	0
364.4003	0
364.61551	0
364.83074	0
365.04597	0
365.26123	0
365.47649	0
365.69177	0
365.90707	0
366.12238	0
366.33771	0
366.55305	0
366.7684	0
366.98377	0
367.19916	0
367.41456	0
367.62997	0
367.8454	0
368.06084	0
368.2763	0
368.49177	0
368.70726	0
368.92276	0
369.13827	0
369.35381	0
369.56935	0
369.78491	0
370.00048	0
370.21607	0
370.43168	0
370.6473	0
370.86293	0
371.07858	0
371.29424	0
371.50991	0
371.7256	0
371.94131	0
372.15703	0
372.37276	0
372.58851	0
372.80428	0
373.02006	0
373.23585	0
373.45166	0
373.66748	0
373.88332	0
374.09917	0
374.31503	0
374.53091	0
374.74681	0
374.96272	0
375.17864	0
375.39458	0
375.61053	0
375.8265	0
376.04248	0
376.25848	0
376.47449	0
376.69051	0
376.90655	0
377.12261	0
377.33868	0
377.55476	0
377.77086	0
377.98697	0
378.2031	0
378.41924	-0.00733
378.63539	-0.00646
378.85156	-0.00531
379.06775	0.00618
379.28395	-0.00924
379.50016	0.00605
379.71639	0.00361
379.93263	0.00831
380.14889	0.00764
380.36516	4.38E-04
380.58144	-3.57E-04
380.79774	0.00775
381.01406	8.96E-04
381.23039	-0.00176
381.44673	-0.00579
381.66309	0.00581
381.87946	-2.85E-03
382.09585	0.00578
382.31225	-2.12E-03
382.52867	0.00545
382.7451	-0.00391
382.96154	0.00797
383.178	-1.43E-03
383.39447	0.00277
383.61096	5.90E-04
383.82746	8.95E-04
384.04398	7.44E-04
384.26051	1.33E-03
384.47705	-3.83E-03
384.69361	0.00314
384.91019	-1.14E-03
385.12678	8.24E-04
385.34338	4.19E-03
385.56	0.00803
385.77663	-6.32E-03
385.99327	3.64E-03
386.20993	-2.13E-03
386.42661	0.00126
386.6433	-1.80E-03
386.86	3.67E-03
387.07672	-3.53E-03
387.29345	1.60E-04
387.5102	-5.05E-04
387.72696	0.00283
387.94373	1.48E-05
388.16052	0.00617
388.37733	4.76E-03
388.59414	0.00489
388.81098	-2.12E-04
389.02782	3.13E-03
389.24468	-3.20E-03
389.46156	-8.53E-04
389.67845	-4.42E-03
389.89535	8.61E-03
390.11227	-4.40E-03
390.3292	0.00526
390.54615	-1.44E-03
390.76311	0.00122
390.98009	-1.62E-03
391.19708	9.98E-04
391.41408	-0.00293
391.6311	0.00214
391.84813	-1.47E-03
392.06518	0.00449
392.28224	-1.41E-03
392.49931	6.62E-04
392.7164	-1.44E-03
392.93351	0.00231
393.15063	-1.00E-03
393.36776	5.76E-04
393.58491	-3.08E-03
393.80207	0.00382
394.01924	-4.24E-04
394.23643	0.00564
394.45363	-6.85E-04
394.67085	0.00277
394.88808	-1.14E-03
395.10533	0.00182
395.32259	2.76E-03
395.53987	0.00254
395.75716	-1.27E-03
395.97446	0.00188
396.19178	-7.87E-04
396.40911	0.0039
396.62645	-3.06E-03
396.84381	2.03E-03
397.06119	-2.34E-03
397.27858	0.00273
397.49598	-6.90E-05
397.7134	6.05E-04
397.93083	-3.69E-03
398.14827	0.00462
398.36573	7.19E-04
398.58321	0.00448
398.8007	-5.42E-04
399.0182	0.00447
399.23571	-4.01E-03
399.45324	0.00378
399.67079	-5.79E-04
399.88835	1.86E-03
400.10592	-2.79E-03
400.32351	8.74E-04
400.54111	-1.49E-04
400.75872	0.00602
400.97635	3.78E-03
401.194	0.00412
401.41166	-4.54E-03
401.62933	0.00308
401.84701	4.36E-03
402.06471	0.00318
402.28243	3.44E-04
402.50016	5.10E-04
402.7179	-7.86E-04
402.93566	8.09E-04
403.15343	1.14E-03
403.37121	0.00452
403.58901	5.22E-03
403.80682	0.0057
404.02465	-4.73E-05
404.24249	0.0047
404.46035	5.32E-03
404.67822	0.00521
404.8961	9.60E-04
405.114	0.0038
405.33191	2.88E-03
405.54984	0.00329
405.76778	1.75E-03
405.98573	4.15E-03
406.2037	2.10E-03
406.42168	0.00654
406.63968	5.62E-04
406.85769	4.71E-03
407.07571	3.65E-03
407.29375	5.73E-03
407.51181	4.28E-03
407.72987	3.31E-03
407.94795	1.74E-03
408.16605	4.88E-03
408.38416	3.12E-03
408.60228	0.00185
408.82042	2.02E-03
409.03857	5.70E-03
409.25673	0.00791
409.47491	3.95E-03
409.69311	0.00801
409.91131	5.07E-03
410.12953	8.59E-03
410.34777	6.05E-03
410.56602	7.01E-03
410.78428	5.91E-03
411.00256	1.02E-02
411.22085	7.09E-03
411.43915	0.00629
411.65747	7.37E-03
411.87581	1.23E-02
412.09415	6.39E-03
412.31251	0.00854
412.53089	8.79E-03
412.74928	9.25E-03
412.96768	1.03E-02
413.1861	1.12E-02
413.40453	9.01E-03
413.62298	1.25E-02
413.84143	1.23E-02
414.05991	0.0166
414.27839	9.81E-03
414.49689	0.0131
414.71541	1.45E-02
414.93394	1.65E-02
415.15248	1.46E-02
415.37104	1.73E-02
415.58961	1.37E-02
415.80819	0.01847
416.02679	1.56E-02
416.2454	0.01923
416.46403	1.66E-02
416.68267	2.32E-02
416.90132	1.78E-02
417.11999	2.17E-02
417.33867	1.91E-02
417.55737	0.02496
417.77608	1.70E-02
417.9948	0.02502
418.21354	2.49E-02
418.43229	0.03302
418.65106	2.51E-02
418.86984	0.0283
419.08863	2.67E-02
419.30744	0.03032
419.52626	2.94E-02
419.74509	3.54E-02
419.96394	3.10E-02
420.18281	3.92E-02
420.40168	3.46E-02
420.62057	0.03927
420.83948	3.72E-02
421.0584	0.03655
421.27733	3.93E-02
421.49627	0.04098
421.71523	3.82E-02
421.93421	4.63E-02
422.15319	4.33E-02
422.37219	0.04931
422.59121	4.80E-02
422.81024	4.92E-02
423.02928	5.19E-02
423.24834	5.41E-02
423.46741	5.32E-02
423.68649	0.05465
423.90559	5.78E-02
424.1247	0.06062
424.34383	5.99E-02
424.56297	0.06566
424.78212	6.09E-02
425.00129	0.06849
425.22047	7.05E-02
425.43966	0.06507
425.65887	7.19E-02
425.8781	7.85E-02
426.09733	7.47E-02
426.31658	0.07086
426.53585	7.96E-02
426.75512	0.08638
426.97441	8.59E-02
427.19372	9.15E-02
427.41304	8.85E-02
427.63237	0.09605
427.85172	1.00E-01
428.07108	1.00E-01
428.29045	9.61E-02
428.50984	1.05E-01
428.72924	1.02E-01
428.94865	0.10805
429.16808	1.13E-01
429.38753	1.15E-01
429.60698	1.16E-01
429.82645	1.20E-01
430.04594	1.20E-01
430.26543	1.22E-01
430.48495	1.22E-01
430.70447	1.21E-01
430.92401	1.27E-01
431.14356	0.13114
431.36313	1.35E-01
431.58271	0.14199
431.8023	1.47E-01
432.02191	1.53E-01
432.24153	1.52E-01
432.46116	0.15733
432.68081	1.56E-01
432.90048	1.56E-01
433.12015	1.57E-01
433.33984	0.16498
433.55954	1.67E-01
433.77926	0.17193
433.99899	1.72E-01
434.21874	0.18162
434.43849	1.82E-01
434.65827	0.18528
434.87805	1.81E-01
435.09785	0.18372
435.31766	1.83E-01
435.53749	0.18977
435.75733	1.89E-01
435.97718	0.19353
436.19705	1.96E-01
436.41693	2.02E-01
436.63682	2.01E-01
436.85673	2.06E-01
437.07665	2.08E-01
437.29659	2.11E-01
437.51654	2.11E-01
437.7365	2.12E-01
437.95648	2.11E-01
438.17647	2.19E-01
438.39647	2.15E-01
438.61649	0.22352
438.83652	2.24E-01
439.05656	2.29E-01
439.27662	2.30E-01
439.49669	2.34E-01
439.71678	2.31E-01
439.93688	2.35E-01
440.15699	2.32E-01
440.37712	2.34E-01
440.59725	2.37E-01
440.81741	2.40E-01
441.03757	2.37E-01
441.25775	2.42E-01
441.47795	2.41E-01
441.69816	2.47E-01
441.91838	2.44E-01
442.13861	0.24562
442.35886	2.47E-01
442.57912	2.51E-01
442.7994	2.49E-01
443.01969	2.58E-01
443.23999	2.59E-01
443.4603	0.26127
443.68063	2.59E-01
443.90098	2.57E-01
444.12133	2.57E-01
444.3417	2.57E-01
444.56209	2.55E-01
444.78248	0.25624
445.00289	2.61E-01
445.22332	0.26187
445.44376	2.65E-01
445.66421	0.27104
445.88467	2.70E-01
446.10515	0.28256
446.32564	2.86E-01
446.54615	0.29087
446.76666	2.93E-01
446.9872	0.30432
447.20774	3.03E-01
447.4283	3.04E-01
447.64887	3.01E-01
447.86946	2.94E-01
448.09006	2.97E-01
448.31067	3.02E-01
448.5313	3.02E-01
448.75194	3.10E-01
448.97259	0.31606
449.19326	0.32011
449.41394	3.20E-01
449.63463	0.32645
449.85534	3.21E-01
450.07606	3.30E-01
450.2968	3.29E-01
450.51754	0.3331
450.73831	3.36E-01
450.95908	0.3384
451.17987	3.40E-01
451.40067	0.33182
451.62148	3.34E-01
451.84231	0.3473
452.06315	3.48E-01
452.28401	0.35327
452.50488	3.51E-01
452.72576	0.35348
452.94666	3.50E-01
453.16756	0.35355
453.38849	3.51E-01
453.60942	0.34672
453.83037	3.39E-01
454.05133	3.49E-01
454.27231	3.43E-01
454.4933	0.3499
454.7143	3.45E-01
454.93532	0.35062
455.15635	3.47E-01
455.37739	3.39E-01
455.59845	3.38E-01
455.81951	3.40E-01
456.0406	3.33E-01
456.26169	3.39E-01
456.4828	3.33E-01
456.70393	3.36E-01
456.92506	3.32E-01
457.14621	3.30E-01
457.36738	3.27E-01
457.58855	0.32686
457.80974	3.19E-01
458.03094	3.15E-01
458.25216	3.13E-01
458.47339	0.30535
458.69463	3.06E-01
458.91589	2.99E-01
459.13716	3.06E-01
459.35844	0.30433
459.57974	3.00E-01
459.80105	2.95E-01
460.02237	2.90E-01
460.24371	2.88E-01
460.46506	2.82E-01
460.68642	2.77E-01
460.9078	2.78E-01
461.12919	0.27413
461.35059	2.75E-01
461.572	2.75E-01
461.79343	2.65E-01
462.01488	0.26988
462.23633	2.66E-01
462.4578	2.57E-01
462.67928	2.55E-01
462.90078	0.25251
463.12229	2.48E-01
463.34381	0.25092
463.56535	2.47E-01
463.78689	2.46E-01
464.00846	2.43E-01
464.23003	2.41E-01
464.45162	2.34E-01
464.67322	0.23233
464.89484	2.23E-01
465.11647	0.22065
465.33811	2.20E-01
465.55976	2.22E-01
465.78143	2.22E-01
466.00311	2.19E-01
466.2248	2.18E-01
466.44651	2.12E-01
466.66823	2.17E-01
466.88997	2.12E-01
467.11171	2.09E-01
467.33348	2.07E-01
467.55525	2.08E-01
467.77704	2.07E-01
467.99884	2.05E-01
468.22065	2.00E-01
468.44248	0.20292
468.66432	2.02E-01
468.88617	2.02E-01
469.10803	1.99E-01
469.32991	2.01E-01
469.55181	2.01E-01
469.77371	2.00E-01
469.99563	1.91E-01
470.21756	1.99E-01
470.43951	1.97E-01
470.66146	0.19924
470.88344	1.95E-01
471.10542	0.20103
471.32742	1.98E-01
471.54943	1.98E-01
471.77145	1.92E-01
471.99349	1.93E-01
472.21554	1.92E-01
472.4376	1.89E-01
472.65968	1.85E-01
472.88177	1.87E-01
473.10387	1.87E-01
473.32599	1.86E-01
473.54812	1.82E-01
473.77026	1.82E-01
473.99242	1.79E-01
474.21458	1.80E-01
474.43677	1.73E-01
474.65896	1.77E-01
474.88117	1.77E-01
475.10339	0.17722
475.32562	1.74E-01
475.54787	0.17562
475.77013	1.74E-01
475.9924	0.17502
476.21469	1.73E-01
476.43699	1.73E-01
476.6593	1.69E-01
476.88163	1.68E-01
477.10397	1.64E-01
477.32632	1.68E-01
477.54868	1.66E-01
477.77106	0.16744
477.99345	1.66E-01
478.21585	0.16542
478.43827	1.69E-01
478.6607	1.68E-01
478.88314	1.67E-01
479.1056	0.16802
479.32807	1.60E-01
479.55055	1.63E-01
479.77305	1.60E-01
479.99555	0.16086
480.21808	1.56E-01
480.44061	1.63E-01
480.66316	1.61E-01
480.88572	0.16455
481.10829	1.63E-01
481.33088	1.62E-01
481.55348	1.59E-01
481.77609	1.63E-01
481.99871	1.60E-01
482.22135	1.60E-01
482.444	1.54E-01
482.66667	1.60E-01
482.88935	1.58E-01
483.11204	0.15921
483.33474	1.59E-01
483.55746	1.59E-01
483.78019	1.60E-01
484.00293	1.60E-01
484.22568	1.59E-01
484.44845	0.15969
484.67123	1.61E-01
484.89403	1.63E-01
485.11683	1.60E-01
485.33965	0.16225
485.56249	1.62E-01
485.78533	1.64E-01
486.00819	1.63E-01
486.23106	1.64E-01
486.45395	1.66E-01
486.67685	1.69E-01
486.89976	1.66E-01
487.12268	1.68E-01
487.34562	1.68E-01
487.56857	0.17051
487.79153	1.71E-01
488.0145	1.74E-01
488.23749	1.73E-01
488.46049	1.75E-01
488.68351	1.76E-01
488.90653	0.1803
489.12957	1.80E-01
489.35263	1.82E-01
489.57569	1.83E-01
489.79877	1.82E-01
490.02186	1.86E-01
490.24497	1.87E-01
490.46808	1.89E-01
490.69121	0.18546
490.91436	1.92E-01
491.13751	1.96E-01
491.36068	1.94E-01
491.58386	0.19797
491.80706	2.00E-01
492.03026	2.02E-01
492.25348	2.02E-01
492.47672	0.20642
492.69996	2.06E-01
492.92322	2.12E-01
493.14649	2.11E-01
493.36978	2.12E-01
493.59308	2.15E-01
493.81639	2.14E-01
494.03971	2.19E-01
494.26304	0.22228
494.48639	2.28E-01
494.70975	2.31E-01
494.93313	2.28E-01
495.15652	0.23184
495.37991	2.34E-01
495.60333	0.23385
495.82675	2.39E-01
496.05019	2.43E-01
496.27364	2.46E-01
496.49711	2.50E-01
496.72058	2.46E-01
496.94407	2.44E-01
497.16757	2.53E-01
497.39109	2.52E-01
497.61462	2.50E-01
497.83816	2.53E-01
498.06171	2.53E-01
498.28528	2.59E-01
498.50886	2.57E-01
498.73245	2.61E-01
498.95605	2.66E-01
499.17967	2.71E-01
499.4033	2.68E-01
499.62694	0.27432
499.8506	2.75E-01
500.07427	2.81E-01
500.29795	2.78E-01
500.52164	2.81E-01
500.74535	2.83E-01
500.96907	2.87E-01
501.1928	2.91E-01
501.41654	2.92E-01
501.6403	2.96E-01
501.86407	2.99E-01
502.08785	2.99E-01
502.31165	3.03E-01
502.53546	3.01E-01
502.75928	3.03E-01
502.98311	3.03E-01
503.20696	3.08E-01
503.43082	3.09E-01
503.65469	3.15E-01
503.87858	3.12E-01
504.10247	3.16E-01
504.32638	3.18E-01
504.55031	3.24E-01
504.77424	3.24E-01
504.99819	3.24E-01
505.22215	3.25E-01
505.44612	3.30E-01
505.67011	3.31E-01
505.89411	3.35E-01
506.11812	3.38E-01
506.34214	3.43E-01
506.56618	3.45E-01
506.79023	3.47E-01
507.01429	3.47E-01
507.23837	3.47E-01
507.46245	3.50E-01
507.68655	3.54E-01
507.91067	3.55E-01
508.13479	3.58E-01
508.35893	3.64E-01
508.58308	3.68E-01
508.80724	3.68E-01
509.03142	3.74E-01
509.25561	3.73E-01
509.47981	3.73E-01
509.70402	3.77E-01
509.92825	3.78E-01
510.15249	3.75E-01
510.37674	3.82E-01
510.601	3.82E-01
510.82528	3.85E-01
511.04957	3.86E-01
511.27387	3.87E-01
511.49818	3.87E-01
511.72251	3.89E-01
511.94685	3.89E-01
512.1712	3.91E-01
512.39557	3.92E-01
512.61994	3.93E-01
512.84433	3.93E-01
513.06874	3.93E-01
513.29315	3.95E-01
513.51758	4.02E-01
513.74202	4.04E-01
513.96647	4.07E-01
514.19094	4.11E-01
514.41542	4.12E-01
514.63991	4.10E-01
514.86441	4.12E-01
515.08892	4.14E-01
515.31345	4.22E-01
515.53799	4.21E-01
515.76255	4.25E-01
515.98711	4.23E-01
516.21169	4.26E-01
516.43628	4.28E-01
516.66088	4.35E-01
516.8855	4.35E-01
517.11013	4.45E-01
517.33477	4.43E-01
517.55942	4.51E-01
517.78409	4.50E-01
518.00877	4.52E-01
518.23346	4.48E-01
518.45816	4.53E-01
518.68287	4.53E-01
518.9076	4.62E-01
519.13234	4.61E-01
519.3571	4.68E-01
519.58186	4.74E-01
519.80664	4.81E-01
520.03143	4.79E-01
520.25623	4.83E-01
520.48105	4.79E-01
520.70588	4.88E-01
520.93072	4.96E-01
521.15557	4.98E-01
521.38044	4.97E-01
521.60531	5.02E-01
521.8302	5.08E-01
522.05511	5.16E-01
522.28002	5.14E-01
522.50495	5.10E-01
522.72989	5.17E-01
522.95484	5.17E-01
523.17981	5.18E-01
523.40478	5.19E-01
523.62977	5.16E-01
523.85478	5.23E-01
524.07979	5.23E-01
524.30482	5.24E-01
524.52986	5.24E-01
524.75491	5.28E-01
524.97997	5.31E-01
525.20505	5.31E-01
525.43014	0.52582
525.65524	5.25E-01
525.88035	5.26E-01
526.10548	5.32E-01
526.33062	5.31E-01
526.55577	5.36E-01
526.78093	5.37E-01
527.00611	5.37E-01
527.2313	0.53687
527.4565	5.34E-01
527.68171	5.35E-01
527.90694	5.34E-01
528.13217	5.40E-01
528.35742	5.41E-01
528.58269	5.40E-01
528.80796	5.44E-01
529.03325	5.47E-01
529.25855	5.49E-01
529.48386	5.51E-01
529.70918	5.51E-01
529.93452	5.51E-01
530.15987	5.52E-01
530.38523	5.58E-01
530.6106	5.63E-01
530.83599	5.65E-01
531.06139	5.62E-01
531.2868	5.68E-01
531.51222	5.63E-01
531.73765	5.68E-01
531.9631	5.66E-01
532.18856	5.66E-01
532.41403	5.59E-01
532.63952	5.66E-01
532.86501	5.65E-01
533.09052	5.69E-01
533.31604	5.65E-01
533.54157	5.65E-01
533.76712	5.63E-01
533.99268	5.63E-01
534.21825	5.59E-01
534.44383	5.63E-01
534.66943	5.60E-01
534.89503	5.61E-01
535.12065	5.62E-01
535.34628	5.65E-01
535.57193	5.68E-01
535.79758	5.70E-01
536.02325	5.73E-01
536.24893	5.77E-01
536.47462	5.80E-01
536.70033	5.79E-01
536.92605	5.79E-01
537.15178	5.82E-01
537.37752	5.85E-01
537.60327	5.92E-01
537.82904	5.91E-01
538.05482	5.96E-01
538.28061	5.97E-01
538.50641	6.00E-01
538.73222	6.02E-01
538.95805	6.04E-01
539.18389	6.11E-01
539.40974	6.13E-01
539.63561	6.13E-01
539.86148	0.61199
540.08737	6.16E-01
540.31327	6.19E-01
540.53918	6.19E-01
540.76511	6.18E-01
540.99105	6.21E-01
541.21699	6.26E-01
541.44296	6.27E-01
541.66893	6.32E-01
541.89491	6.32E-01
542.12091	6.36E-01
542.34692	6.31E-01
542.57294	6.33E-01
542.79898	6.34E-01
543.02503	6.37E-01
543.25108	6.35E-01
543.47715	6.37E-01
543.70324	6.35E-01
543.92933	6.37E-01
544.15544	6.36E-01
544.38156	6.42E-01
544.60769	6.44E-01
544.83383	6.49E-01
545.05999	6.52E-01
545.28616	6.55E-01
545.51234	6.56E-01
545.73853	6.60E-01
545.96473	6.59E-01
546.19095	6.60E-01
546.41718	6.65E-01
546.64342	6.68E-01
546.86967	6.72E-01
547.09594	6.73E-01
547.32221	6.74E-01
547.5485	6.74E-01
547.7748	6.73E-01
548.00112	6.77E-01
548.22744	6.78E-01
548.45378	6.78E-01
548.68013	6.80E-01
548.90649	6.82E-01
549.13286	6.82E-01
549.35925	6.84E-01
549.58565	6.86E-01
549.81206	6.91E-01
550.03848	6.93E-01
550.26491	7.00E-01
550.49136	7.04E-01
550.71782	7.08E-01
550.94429	7.11E-01
551.17077	7.15E-01
551.39726	7.11E-01
551.62377	7.15E-01
551.85029	7.17E-01
552.07682	7.19E-01
552.30336	7.20E-01
552.52991	7.22E-01
552.75648	7.24E-01
552.98306	7.28E-01
553.20965	7.29E-01
553.43625	7.31E-01
553.66286	7.31E-01
553.88949	7.34E-01
554.11613	7.35E-01
554.34278	7.42E-01
554.56944	7.42E-01
554.79611	7.45E-01
555.0228	7.50E-01
555.2495	7.52E-01
555.47621	7.56E-01
555.70293	7.60E-01
555.92967	7.61E-01
556.15641	7.65E-01
556.38317	7.64E-01
556.60994	7.64E-01
556.83672	7.66E-01
557.06352	7.68E-01
557.29032	7.71E-01
557.51714	7.72E-01
557.74397	7.72E-01
557.97081	7.74E-01
558.19767	7.78E-01
558.42453	7.77E-01
558.65141	7.75E-01
558.8783	7.77E-01
559.1052	7.78E-01
559.33211	7.79E-01
559.55904	7.75E-01
559.78598	7.79E-01
560.01292	7.83E-01
560.23989	7.85E-01
560.46686	7.85E-01
560.69384	7.86E-01
560.92084	7.85E-01
561.14785	7.86E-01
561.37487	7.81E-01
561.6019	7.85E-01
561.82895	7.90E-01
562.056	7.95E-01
562.28307	7.99E-01
562.51015	8.03E-01
562.73724	8.04E-01
562.96435	8.09E-01
563.19146	8.08E-01
563.41859	8.11E-01
563.64573	8.13E-01
563.87288	8.18E-01
564.10005	8.21E-01
564.32722	8.22E-01
564.55441	8.21E-01
564.78161	8.24E-01
565.00882	8.26E-01
565.23604	8.29E-01
565.46327	8.32E-01
565.69052	8.36E-01
565.91778	8.35E-01
566.14505	0.8387
566.37233	8.38E-01
566.59962	8.39E-01
566.82693	8.41E-01
567.05425	8.43E-01
567.28158	8.45E-01
567.50892	8.49E-01
567.73627	8.53E-01
567.96363	8.56E-01
568.19101	8.57E-01
568.4184	8.56E-01
568.6458	8.55E-01
568.87321	8.55E-01
569.10063	8.52E-01
569.32807	8.55E-01
569.55552	8.55E-01
569.78297	0.8576
570.01044	8.63E-01
570.23793	8.60E-01
570.46542	8.53E-01
570.69293	0.85023
570.92045	8.51E-01
571.14797	0.85143
571.37552	8.52E-01
571.60307	8.57E-01
571.83063	8.59E-01
572.05821	8.61E-01
572.2858	8.61E-01
572.5134	8.61E-01
572.74101	8.64E-01
572.96863	0.86504
573.19627	8.67E-01
573.42392	8.65E-01
573.65158	8.67E-01
573.87925	8.73E-01
574.10693	8.75E-01
574.33462	8.77E-01
574.56233	8.77E-01
574.79005	8.77E-01
575.01777	8.76E-01
575.24552	8.79E-01
575.47327	8.82E-01
575.70103	8.88E-01
575.92881	8.91E-01
576.1566	8.89E-01
576.38439	8.92E-01
576.61221	8.94E-01
576.84003	8.94E-01
577.06786	0.89724
577.29571	8.97E-01
577.52357	8.98E-01
577.75144	9.00E-01
577.97932	9.00E-01
578.20721	9.02E-01
578.43511	9.00E-01
578.66303	8.99E-01
578.89096	9.01E-01
579.1189	9.01E-01
579.34685	9.06E-01
579.57481	9.06E-01
579.80279	9.05E-01
580.03077	9.06E-01
580.25877	9.07E-01
580.48678	0.91202
580.7148	9.10E-01
580.94283	9.12E-01
581.17088	9.10E-01
581.39893	9.13E-01
581.627	9.14E-01
581.85508	9.16E-01
582.08317	9.16E-01
582.31127	9.23E-01
582.53939	9.21E-01
582.76751	9.22E-01
582.99565	9.25E-01
583.2238	9.32E-01
583.45196	9.35E-01
583.68013	9.37E-01
583.90831	9.43E-01
584.13651	9.50E-01
584.36472	9.49E-01
584.59293	9.54E-01
584.82116	9.58E-01
585.04941	9.60E-01
585.27766	9.62E-01
585.50592	9.60E-01
585.7342	9.58E-01
585.96249	9.56E-01
586.19079	9.53E-01
586.4191	9.50E-01
586.64742	9.54E-01
586.87575	9.59E-01
587.1041	9.57E-01
587.33246	9.65E-01
587.56083	9.64E-01
587.78921	9.64E-01
588.0176	9.67E-01
588.246	9.63E-01
588.47442	9.60E-01
588.70284	9.61E-01
588.93128	9.64E-01
589.15973	9.65E-01
589.38819	9.65E-01
589.61666	9.69E-01
589.84515	9.70E-01
590.07364	9.75E-01
590.30215	9.74E-01
590.53067	9.76E-01
590.7592	9.78E-01
590.98774	9.81E-01
591.21629	9.80E-01
591.44486	9.84E-01
591.67343	9.82E-01
591.90202	9.88E-01
592.13062	9.87E-01
592.35923	9.86E-01
592.58785	9.86E-01
592.81648	9.87E-01
593.04513	9.82E-01
593.27378	9.83E-01
593.50245	9.83E-01
593.73113	9.87E-01
593.95982	9.90E-01
594.18852	9.94E-01
594.41724	9.92E-01
594.64596	9.90E-01
594.8747	9.86E-01
595.10345	9.82E-01
595.33221	9.80E-01
595.56098	9.83E-01
595.78976	9.83E-01
596.01855	9.84E-01
596.24736	9.87E-01
596.47617	9.91E-01
596.705	9.91E-01
596.93384	9.92E-01
597.16269	9.92E-01
597.39155	9.91E-01
597.62043	9.89E-01
597.84931	9.93E-01
598.07821	9.91E-01
598.30712	9.90E-01
598.53604	9.92E-01
598.76497	9.94E-01
598.99391	9.96E-01
599.22286	1.00E+00
599.45183	9.99E-01
599.6808	9.98E-01
599.90979	9.96E-01
600.13879	9.94E-01
600.3678	9.93E-01
600.59682	9.92E-01
600.82585	9.92E-01
601.0549	9.98E-01
601.28395	9.96E-01
601.51302	9.98E-01
601.7421	9.98E-01
601.97119	9.98E-01
602.20029	9.98E-01
602.4294	9.98E-01
602.65852	9.96E-01
602.88766	9.98E-01
603.11681	9.98E-01
603.34596	9.95E-01
603.57513	9.98E-01
603.80431	9.98E-01
604.0335	9.98E-01
604.26271	9.98E-01
604.49192	9.97E-01
604.72115	9.96E-01
604.95038	9.95E-01
605.17963	9.94E-01
605.40889	9.94E-01
605.63816	9.94E-01
605.86744	9.94E-01
606.09674	9.96E-01
606.32604	9.97E-01
606.55536	9.97E-01
606.78469	9.95E-01
607.01402	9.93E-01
607.24337	9.92E-01
607.47273	9.90E-01
607.70211	9.93E-01
607.93149	9.95E-01
608.16089	9.93E-01
608.39029	9.94E-01
608.61971	9.90E-01
608.84914	9.91E-01
609.07858	9.89E-01
609.30803	9.86E-01
609.53749	9.85E-01
609.76696	9.88E-01
609.99645	9.85E-01
610.22595	9.84E-01
610.45545	9.79E-01
610.68497	9.78E-01
610.9145	9.76E-01
611.14404	9.76E-01
611.37359	9.74E-01
611.60316	9.78E-01
611.83273	9.76E-01
612.06232	9.74E-01
612.29191	9.75E-01
612.52152	9.70E-01
612.75114	9.68E-01
612.98077	9.65E-01
613.21041	9.64E-01
613.44007	9.66E-01
613.66973	9.65E-01
613.89941	9.65E-01
614.12909	9.65E-01
614.35879	9.66E-01
614.5885	9.67E-01
614.81822	9.62E-01
615.04795	9.60E-01
615.27769	9.60E-01
615.50745	9.59E-01
615.73721	9.56E-01
615.96699	9.52E-01
616.19678	9.55E-01
616.42657	9.58E-01
616.65638	9.48E-01
616.8862	9.56E-01
617.11604	9.57E-01
617.34588	9.46E-01
617.57573	9.55E-01
617.8056	9.49E-01
618.03547	9.41E-01
618.26536	9.38E-01
618.49526	9.54E-01
618.72517	9.33E-01
618.95509	9.41E-01
619.18502	9.41E-01
619.41496	9.46E-01
619.64492	9.27E-01
619.87488	9.42E-01
620.10486	9.34E-01
620.33485	9.23E-01
620.56485	9.29E-01
620.79485	9.33E-01
621.02488	9.31E-01
621.25491	9.25E-01
621.48495	9.16E-01
621.715	9.24E-01
621.94507	9.19E-01
622.17514	9.26E-01
622.40523	9.13E-01
622.63533	9.14E-01
622.86544	9.13E-01
623.09556	9.14E-01
623.32569	9.11E-01
623.55583	9.08E-01
623.78599	9.11E-01
624.01615	9.04E-01
624.24633	9.02E-01
624.47651	9.01E-01
624.70671	9.12E-01
624.93692	9.04E-01
625.16714	8.96E-01
625.39737	8.99E-01
625.62761	9.01E-01
625.85786	9.00E-01
626.08813	8.99E-01
626.3184	8.97E-01
626.54869	8.93E-01
626.77898	8.92E-01
627.00929	8.92E-01
627.23961	8.94E-01
627.46994	8.93E-01
627.70028	0.88008
627.93063	8.81E-01
628.161	8.88E-01
628.39137	8.86E-01
628.62176	8.84E-01
628.85215	8.82E-01
629.08256	8.74E-01
629.31298	8.86E-01
629.5434	8.72E-01
629.77384	8.77E-01
630.00429	8.71E-01
630.23476	8.69E-01
630.46523	8.67E-01
630.69571	8.69E-01
630.92621	8.69E-01
631.15671	8.62E-01
631.38723	8.59E-01
631.61776	8.69E-01
631.84829	8.63E-01
632.07884	8.57E-01
632.3094	8.59E-01
632.53997	8.48E-01
632.77056	8.59E-01
633.00115	8.49E-01
633.23175	8.46E-01
633.46237	8.45E-01
633.69299	8.42E-01
633.92363	8.44E-01
634.15428	8.33E-01
634.38494	8.26E-01
634.6156	8.43E-01
634.84628	8.28E-01
635.07698	8.23E-01
635.30768	8.27E-01
635.53839	8.26E-01
635.76911	8.22E-01
635.99985	8.14E-01
636.23059	8.20E-01
636.46135	8.12E-01
636.69212	8.06E-01
636.9229	8.01E-01
637.15369	7.96E-01
637.38449	8.00E-01
637.6153	7.93E-01
637.84612	7.93E-01
638.07695	7.86E-01
638.30779	7.80E-01
638.53865	7.82E-01
638.76951	7.75E-01
639.00039	7.78E-01
639.23128	7.56E-01
639.46217	7.64E-01
639.69308	7.53E-01
639.924	7.56E-01
640.15493	7.49E-01
640.38587	7.45E-01
640.61682	7.46E-01
640.84779	7.38E-01
641.07876	7.43E-01
641.30974	7.35E-01
641.54074	7.34E-01
641.77174	7.27E-01
642.00276	7.28E-01
642.23379	7.21E-01
642.46483	7.17E-01
642.69588	7.12E-01
642.92694	7.16E-01
643.15801	7.11E-01
643.38909	7.08E-01
643.62018	7.05E-01
643.85128	7.09E-01
644.0824	7.09E-01
644.31352	6.99E-01
644.54466	6.91E-01
644.7758	6.94E-01
645.00696	6.85E-01
645.23813	6.86E-01
645.4693	6.84E-01
645.70049	6.82E-01
645.93169	6.75E-01
646.1629	6.75E-01
646.39412	6.71E-01
646.62536	6.64E-01
646.8566	6.63E-01
647.08785	6.60E-01
647.31912	6.54E-01
647.55039	6.59E-01
647.78168	6.51E-01
648.01297	6.53E-01
648.24428	6.53E-01
648.4756	6.45E-01
648.70693	6.47E-01
648.93827	6.45E-01
649.16962	6.42E-01
649.40098	6.33E-01
649.63235	6.31E-01
649.86373	6.28E-01
650.09512	6.32E-01
650.32653	6.30E-01
650.55794	6.27E-01
650.78937	6.22E-01
651.0208	6.20E-01
651.25225	6.16E-01
651.48371	6.18E-01
651.71517	6.15E-01
651.94665	6.12E-01
652.17814	6.10E-01
652.40964	6.08E-01
652.64115	6.11E-01
652.87267	6.06E-01
653.1042	6.00E-01
653.33574	6.03E-01
653.5673	5.96E-01
653.79886	5.91E-01
654.03044	5.95E-01
654.26202	5.94E-01
654.49362	5.84E-01
654.72522	5.76E-01
654.95684	5.86E-01
655.18847	5.84E-01
655.4201	5.83E-01
655.65175	5.80E-01
655.88341	5.77E-01
656.11508	5.73E-01
656.34676	5.71E-01
656.57845	5.66E-01
656.81015	5.64E-01
657.04187	5.65E-01
657.27359	5.67E-01
657.50532	5.64E-01
657.73707	5.56E-01
657.96882	5.54E-01
658.20059	5.51E-01
658.43236	5.46E-01
658.66415	5.40E-01
658.89595	5.49E-01
659.12775	5.45E-01
659.35957	5.44E-01
659.5914	5.33E-01
659.82324	5.37E-01
660.05509	5.37E-01
660.28695	5.33E-01
660.51882	5.31E-01
660.7507	5.26E-01
660.98259	5.27E-01
661.2145	5.23E-01
661.44641	5.27E-01
661.67833	5.16E-01
661.91027	5.18E-01
662.14221	5.12E-01
662.37417	5.10E-01
662.60613	5.06E-01
662.83811	5.06E-01
663.07009	5.01E-01
663.30209	5.02E-01
663.5341	5.01E-01
663.76612	4.89E-01
663.99815	4.98E-01
664.23019	4.89E-01
664.46224	4.86E-01
664.6943	4.86E-01
664.92637	4.81E-01
665.15845	4.81E-01
665.39054	4.80E-01
665.62264	4.78E-01
665.85476	4.72E-01
666.08688	4.73E-01
666.31901	4.71E-01
666.55116	4.69E-01
666.78331	4.65E-01
667.01548	4.62E-01
667.24765	4.61E-01
667.47984	4.58E-01
667.71203	4.55E-01
667.94424	4.54E-01
668.17646	4.52E-01
668.40869	4.48E-01
668.64093	4.47E-01
668.87317	4.44E-01
669.10543	4.42E-01
669.3377	4.40E-01
669.56998	4.39E-01
669.80227	4.35E-01
670.03457	4.32E-01
670.26689	4.30E-01
670.49921	4.28E-01
670.73154	4.25E-01
670.96388	4.23E-01
671.19624	4.20E-01
671.4286	4.19E-01
671.66097	4.16E-01
671.89336	4.13E-01
672.12575	4.11E-01
672.35816	4.08E-01
672.59057	4.05E-01
672.823	4.03E-01
673.05543	4.01E-01
673.28788	3.99E-01
673.52034	3.98E-01
673.75281	3.94E-01
673.98528	3.93E-01
674.21777	3.90E-01
674.45027	3.88E-01
674.68278	3.86E-01
674.9153	3.84E-01
675.14783	3.81E-01
675.38037	3.78E-01
675.61292	3.76E-01
675.84548	3.73E-01
676.07805	3.74E-01
676.31063	3.73E-01
676.54322	3.70E-01
676.77582	3.67E-01
677.00844	3.66E-01
677.24106	3.61E-01
677.47369	3.59E-01
677.70634	3.57E-01
677.93899	3.55E-01
678.17165	3.54E-01
678.40433	3.53E-01
678.63701	3.50E-01
678.86971	3.50E-01
679.10241	3.46E-01
679.33513	3.44E-01
679.56785	3.41E-01
679.80059	3.39E-01
680.03334	3.39E-01
680.26609	3.37E-01
680.49886	3.34E-01
680.73164	3.32E-01
680.96442	3.30E-01
681.19722	3.26E-01
681.43003	3.25E-01
681.66285	3.23E-01
681.89568	3.22E-01
682.12852	3.20E-01
682.36136	3.18E-01
682.59422	3.16E-01
682.82709	3.14E-01
683.05997	3.14E-01
683.29286	3.12E-01
683.52576	3.10E-01
683.75867	3.08E-01
683.9916	3.06E-01
684.22453	3.05E-01
684.45747	2.99E-01
684.69042	2.98E-01
684.92338	2.93E-01
685.15635	2.94E-01
685.38934	2.94E-01
685.62233	2.90E-01
685.85533	2.90E-01
686.08834	2.89E-01
686.32137	2.87E-01
686.5544	2.84E-01
686.78744	2.85E-01
687.0205	2.82E-01
687.25356	2.82E-01
687.48664	2.79E-01
687.71972	2.78E-01
687.95281	2.73E-01
688.18592	2.74E-01
688.41903	2.73E-01
688.65216	2.70E-01
688.88529	2.68E-01
689.11844	2.67E-01
689.3516	2.64E-01
689.58476	2.64E-01
689.81794	2.64E-01
690.05112	2.61E-01
690.28432	2.59E-01
690.51753	2.58E-01
690.75074	2.55E-01
690.98397	2.54E-01
691.21721	2.52E-01
691.45045	2.50E-01
691.68371	2.49E-01
691.91698	2.48E-01
692.15025	2.45E-01
692.38354	2.43E-01
692.61684	2.42E-01
692.85015	2.41E-01
693.08346	2.39E-01
693.31679	2.39E-01
693.55013	2.37E-01
693.78348	2.34E-01
694.01684	2.33E-01
694.25021	2.32E-01
694.48358	2.28E-01
694.71697	2.25E-01
694.95037	2.27E-01
695.18378	2.26E-01
695.4172	2.24E-01
695.65063	2.23E-01
695.88407	2.22E-01
696.11752	2.18E-01
696.35097	2.17E-01
696.58444	2.16E-01
696.81792	2.14E-01
697.05141	2.14E-01
697.28491	2.12E-01
697.51842	2.11E-01
697.75194	2.07E-01
697.98547	2.07E-01
698.21901	2.06E-01
698.45256	2.04E-01
698.68612	2.00E-01
698.91969	1.98E-01
699.15327	1.99E-01
699.38686	1.98E-01
699.62046	1.95E-01
699.85407	1.94E-01
700.08769	1.94E-01
700.32132	1.93E-01
700.55496	1.91E-01
700.78861	1.88E-01
701.02227	1.87E-01
701.25594	1.85E-01
701.48962	1.85E-01
701.72331	1.83E-01
701.95701	1.80E-01
702.19072	1.80E-01
702.42444	1.79E-01
702.65817	1.79E-01
702.89191	1.78E-01
703.12566	1.76E-01
703.35942	1.75E-01
703.59319	1.73E-01
703.82697	1.74E-01
704.06076	1.71E-01
704.29456	1.70E-01
704.52837	1.69E-01
704.76219	1.66E-01
704.99602	1.67E-01
705.22986	1.65E-01
705.46371	1.63E-01
705.69757	1.64E-01
705.93144	1.62E-01
706.16532	1.61E-01
706.39921	1.58E-01
706.6331	1.59E-01
706.86701	1.58E-01
707.10093	1.57E-01
707.33486	1.55E-01
707.5688	1.53E-01
707.80275	1.53E-01
708.03671	1.51E-01
708.27068	1.49E-01
708.50466	1.51E-01
708.73865	1.48E-01
708.97264	1.49E-01
709.20665	1.46E-01
709.44067	1.46E-01
709.6747	1.44E-01
709.90874	1.44E-01
710.14279	1.43E-01
710.37684	1.42E-01
710.61091	1.41E-01
710.84499	1.41E-01
711.07908	1.38E-01
711.31317	1.39E-01
711.54728	1.37E-01
711.7814	1.36E-01
712.01553	1.36E-01
712.24966	1.33E-01
712.48381	1.33E-01
712.71797	1.33E-01
712.95213	1.31E-01
713.18631	1.31E-01
713.4205	1.30E-01
713.65469	1.21E-01
713.8889	1.29E-01
714.12311	1.27E-01
714.35734	1.24E-01
714.59157	1.25E-01
714.82582	1.22E-01
715.06007	1.22E-01
715.29434	1.19E-01
715.52861	1.22E-01
715.7629	1.22E-01
715.99719	1.21E-01
716.2315	1.20E-01
716.46581	1.16E-01
716.70013	1.17E-01
716.93447	1.14E-01
717.16881	1.16E-01
717.40316	1.15E-01
717.63753	1.14E-01
717.8719	1.14E-01
718.10628	1.13E-01
718.34068	1.13E-01
718.57508	1.11E-01
718.80949	1.11E-01
719.04391	1.10E-01
719.27834	1.10E-01
719.51278	1.09E-01
719.74723	1.08E-01
719.98169	1.05E-01
720.21617	1.06E-01
720.45065	1.03E-01
720.68514	1.06E-01
720.91963	1.03E-01
721.15414	1.04E-01
721.38866	1.03E-01
721.62319	1.03E-01
721.85773	1.01E-01
722.09228	9.96E-02
722.32684	9.25E-02
722.56141	9.98E-02
722.79598	9.66E-02
723.03057	9.85E-02
723.26517	9.50E-02
723.49977	9.63E-02
723.73439	9.38E-02
723.96902	9.26E-02
724.20365	9.09E-02
724.4383	9.44E-02
724.67295	9.27E-02
724.90762	9.30E-02
725.14229	9.19E-02
725.37698	9.13E-02
725.61167	9.10E-02
725.84637	9.01E-02
726.08109	8.74E-02
726.31581	8.98E-02
726.55054	8.74E-02
726.78529	8.67E-02
727.02004	8.65E-02
727.2548	8.64E-02
727.48957	8.39E-02
727.72435	8.53E-02
727.95914	8.40E-02
728.19394	8.52E-02
728.42875	8.35E-02
728.66357	8.33E-02
728.8984	8.14E-02
729.13324	8.14E-02
729.36809	7.99E-02
729.60295	8.10E-02
729.83781	8.02E-02
730.07269	8.00E-02
730.30758	7.79E-02
730.54248	7.75E-02
730.77738	7.78E-02
731.0123	7.72E-02
731.24722	7.10E-02
731.48216	7.61E-02
731.7171	7.38E-02
731.95206	7.38E-02
732.18702	7.39E-02
732.422	7.54E-02
732.65698	7.16E-02
732.89197	7.32E-02
733.12697	7.17E-02
733.36199	7.08E-02
733.59701	7.15E-02
733.83204	7.08E-02
734.06708	7.04E-02
734.30213	6.98E-02
734.53719	6.94E-02
734.77226	6.78E-02
735.00734	6.62E-02
735.24242	6.78E-02
735.47752	6.56E-02
735.71263	6.44E-02
735.94775	6.64E-02
736.18287	6.60E-02
736.41801	6.44E-02
736.65316	6.47E-02
736.88831	6.34E-02
737.12348	6.31E-02
737.35865	6.26E-02
737.59383	5.92E-02
737.82903	6.13E-02
738.06423	6.12E-02
738.29944	6.16E-02
738.53466	6.14E-02
738.76989	5.97E-02
739.00514	6.17E-02
739.24039	5.84E-02
739.47565	5.97E-02
739.71092	5.84E-02
739.94619	5.75E-02
740.18148	5.64E-02
740.41678	5.77E-02
740.65209	5.65E-02
740.8874	5.70E-02
741.12273	5.50E-02
741.35807	5.56E-02
741.59341	5.28E-02
741.82877	5.49E-02
742.06413	5.34E-02
742.2995	5.38E-02
742.53489	5.38E-02
742.77028	5.35E-02
743.00568	5.24E-02
743.24109	5.24E-02
743.47651	5.16E-02
743.71195	5.22E-02
743.94739	4.88E-02
744.18283	5.09E-02
744.41829	4.96E-02
744.65376	4.98E-02
744.88924	4.93E-02
745.12473	4.87E-02
745.36022	4.76E-02
745.59573	4.89E-02
745.83124	4.78E-02
746.06677	4.73E-02
746.3023	4.68E-02
746.53785	4.77E-02
746.7734	4.59E-02
747.00896	4.67E-02
747.24453	4.60E-02
747.48011	4.41E-02
747.7157	4.46E-02
747.9513	4.41E-02
748.18691	4.42E-02
748.42253	4.53E-02
748.65816	4.22E-02
748.8938	4.40E-02
749.12944	4.39E-02
749.3651	4.27E-02
749.60077	4.17E-02
749.83644	4.23E-02
750.07212	4.05E-02
750.30782	4.28E-02
750.54352	4.00E-02
750.77923	3.86E-02
751.01495	4.04E-02
751.25069	4.10E-02
751.48643	3.95E-02
751.72218	4.04E-02
751.95793	3.90E-02
752.1937	3.81E-02
752.42948	3.81E-02
752.66527	3.51E-02
752.90106	3.65E-02
753.13687	3.94E-02
753.37268	3.60E-02
753.60851	3.78E-02
753.84434	3.63E-02
754.08019	3.81E-02
754.31604	3.37E-02
754.5519	3.57E-02
754.78777	3.62E-02
755.02365	3.35E-02
755.25954	3.53E-02
755.49544	3.37E-02
755.73135	3.43E-02
755.96726	3.49E-02
756.20319	3.48E-02
756.43913	3.39E-02
756.67507	3.26E-02
756.91102	3.45E-02
757.14699	3.21E-02
757.38296	3.13E-02
757.61894	3.21E-02
757.85493	2.93E-02
758.09093	3.18E-02
758.32694	3.23E-02
758.56296	2.99E-02
758.79899	2.96E-02
759.03503	3.03E-02
759.27108	3.00E-02
759.50713	3.16E-02
759.7432	2.83E-02
759.97927	3.05E-02
760.21536	2.90E-02
760.45145	3.02E-02
760.68755	2.89E-02
760.92366	2.96E-02
761.15978	2.75E-02
761.39591	2.94E-02
761.63205	2.81E-02
761.8682	2.73E-02
762.10436	2.69E-02
762.34053	2.76E-02
762.5767	2.69E-02
762.81289	2.68E-02
763.04908	2.73E-02
763.28528	2.75E-02
763.5215	2.62E-02
763.75772	2.71E-02
763.99395	2.69E-02
764.23019	2.71E-02
764.46644	2.39E-02
764.7027	2.60E-02
764.93897	2.53E-02
765.17524	2.57E-02
765.41153	2.34E-02
765.64782	2.51E-02
765.88413	2.00E-02
766.12044	2.50E-02
766.35676	2.42E-02
766.5931	2.48E-02
766.82944	2.41E-02
767.06579	2.45E-02
767.30215	2.34E-02
767.53851	2.39E-02
767.77489	2.35E-02
768.01128	2.34E-02
768.24767	2.06E-02
768.48408	2.47E-02
768.72049	2.18E-02
768.95691	2.33E-02
769.19335	2.20E-02
769.42979	2.40E-02
769.66624	2.20E-02
769.9027	2.24E-02
770.13917	2.15E-02
770.37564	2.19E-02
770.61213	2.07E-02
770.84863	2.16E-02
771.08513	1.46E-02
771.32164	1.99E-02
771.55817	2.20E-02
771.7947	2.09E-02
772.03124	2.08E-02
772.26779	1.39E-02
772.50435	2.08E-02
772.74092	1.90E-02
772.9775	1.93E-02
773.21408	2.06E-02
773.45068	1.97E-02
773.68728	2.17E-02
773.9239	1.64E-02
774.16052	2.05E-02
774.39715	1.79E-02
774.63379	1.82E-02
774.87044	1.83E-02
775.1071	1.95E-02
775.34377	1.84E-02
775.58044	1.96E-02
775.81713	1.69E-02
776.05383	1.45E-02
776.29053	1.64E-02
776.52724	1.87E-02
776.76396	1.60E-02
777.00069	1.78E-02
777.23743	1.78E-02
777.47418	1.86E-02
777.71094	1.55E-02
777.94771	1.88E-02
778.18448	1.67E-02
778.42127	1.89E-02
778.65806	1.60E-02
778.89487	1.69E-02
779.13168	1.44E-02
779.3685	1.80E-02
779.60533	1.65E-02
779.84217	1.62E-02
780.07901	1.37E-02
780.31587	1.89E-02
780.55274	1.59E-02
780.78961	1.25E-02
781.0265	1.51E-02
781.26339	1.03E-02
781.50029	1.63E-02
781.7372	1.69E-02
781.97412	1.45E-02
782.21105	1.51E-02
782.44798	1.39E-02
782.68493	1.57E-02
782.92189	1.40E-02
783.15885	1.57E-02
783.39582	1.46E-02
783.6328	1.51E-02
783.86979	1.39E-02
784.10679	1.29E-02
784.3438	1.07E-02
784.58082	1.35E-02
784.81785	1.35E-02
785.05488	1.37E-02
785.29193	1.19E-02
785.52898	1.44E-02
785.76604	1.35E-02
786.00311	1.34E-02
786.24019	1.20E-02
786.47728	1.49E-02
786.71438	7.40E-03
786.95148	1.47E-02
787.1886	1.18E-02
787.42572	1.31E-02
787.66286	1.14E-02
787.9	1.20E-02
788.13715	1.09E-02
788.37431	1.42E-02
788.61148	1.21E-02
788.84865	1.37E-02
789.08584	8.61E-03
789.32303	1.18E-02
789.56024	1.30E-02
789.79745	1.21E-02
790.03467	9.99E-03
790.2719	1.19E-02
790.50914	1.08E-02
790.74639	9.64E-03
790.98365	9.80E-03
791.22091	1.12E-02
791.45819	9.79E-03
791.69547	1.13E-02
791.93276	9.78E-03
792.17006	1.13E-02
792.40737	9.01E-03
792.64469	1.06E-02
792.88202	8.42E-03
793.11935	1.01E-02
793.3567	1.06E-02
793.59405	1.16E-02
793.83141	9.14E-03
794.06878	9.49E-03
794.30616	9.43E-03
794.54355	1.01E-02
794.78095	9.46E-03
795.01836	9.30E-03
795.25577	9.59E-03
795.4932	1.13E-02
795.73063	9.56E-03
795.96807	9.17E-03
796.20552	9.79E-03
796.44298	1.11E-02
796.68045	8.02E-03
796.91792	9.97E-03
797.15541	9.42E-03
797.3929	1.07E-02
797.6304	7.07E-03
797.86791	5.31E-03
798.10543	8.18E-03
798.34296	8.93E-03
798.5805	6.46E-03
798.81805	1.06E-02
799.0556	8.42E-03
799.29316	1.03E-02
799.53074	6.56E-03
799.76832	8.79E-03
800.00591	8.17E-03
800.24351	1.03E-02
800.48111	6.62E-03
800.71873	6.50E-03
800.95635	6.65E-03
801.19399	9.05E-03
801.43163	8.64E-03
801.66928	7.86E-03
801.90694	7.18E-03
802.1446	7.60E-03
802.38228	6.66E-03
802.61997	7.52E-03
802.85766	7.71E-03
803.09536	8.97E-03
803.33307	6.41E-03
803.57079	9.40E-03
803.80852	7.08E-03
804.04626	8.70E-03
804.28401	6.95E-03
804.52176	8.14E-03
804.75952	6.98E-03
804.99729	9.25E-03
805.23507	5.04E-03
805.47286	7.24E-03
805.71066	6.99E-03
805.94847	5.35E-03
806.18628	7.39E-03
806.42411	8.66E-03
806.66194	5.70E-03
806.89978	6.54E-03
807.13763	6.23E-03
807.37549	6.40E-03
807.61335	4.81E-03
807.85123	0.00695
808.08911	6.04E-03
808.327	5.51E-03
808.5649	5.91E-03
808.80281	6.62E-03
809.04073	4.98E-04
809.27866	6.48E-03
809.51659	4.97E-03
809.75454	8.68E-03
809.99249	4.87E-03
810.23045	8.59E-03
810.46842	5.68E-03
810.7064	6.80E-03
810.94438	5.70E-03
811.18238	6.67E-03
811.42038	5.86E-03
811.65839	5.73E-03
811.89642	5.68E-03
812.13444	5.62E-03
812.37248	4.89E-03
812.61053	6.25E-03
812.84858	6.46E-03
813.08665	0.00829
813.32472	5.60E-03
813.5628	7.27E-03
813.80089	4.61E-03
814.03899	6.23E-03
814.27709	3.67E-03
814.51521	0.00806
814.75333	4.55E-03
814.99146	9.32E-03
815.2296	4.39E-03
815.46775	6.78E-03
815.70591	4.47E-03
815.94407	6.84E-03
816.18225	4.88E-03
816.42043	0.00603
816.65862	4.17E-03
816.89682	3.61E-03
817.13503	5.57E-03
817.37325	6.28E-03
817.61147	1.42E-03
817.8497	6.95E-03
818.08795	4.38E-03
818.3262	5.57E-03
818.56445	4.50E-03
818.80272	6.05E-03
819.041	3.81E-03
819.27928	5.54E-03
819.51757	5.45E-03
819.75588	3.64E-03
819.99419	6.03E-03
820.2325	3.35E-03
820.47083	4.71E-03
820.70916	3.59E-03
820.94751	6.79E-03
821.18586	3.05E-03
821.42422	5.33E-03
821.66259	2.62E-03
821.90096	5.40E-03
822.13935	2.58E-03
822.37774	6.42E-03
822.61615	1.71E-03
822.85456	5.84E-03
823.09298	2.03E-03
823.3314	4.21E-03
823.56984	2.17E-03
823.80828	3.76E-03
824.04674	2.94E-03
824.2852	6.53E-03
824.52367	4.56E-03
824.76214	5.28E-03
825.00063	3.07E-03
825.23912	5.03E-03
825.47763	1.97E-03
825.71614	4.09E-03
825.95466	3.64E-03
826.19319	4.86E-03
826.43172	3.75E-03
826.67027	2.96E-03
826.90882	1.39E-03
827.14738	4.98E-03
827.38595	3.23E-03
827.62453	5.03E-03
827.86311	2.54E-03
828.10171	5.18E-04
828.34031	3.37E-03
828.57892	3.55E-03
828.81754	3.01E-03
829.05617	3.33E-03
829.29481	3.84E-03
829.53345	3.48E-03
829.77211	1.97E-03
830.01077	3.71E-03
830.24944	2.32E-03
830.48811	2.75E-03
830.7268	2.44E-03
830.96549	0.00166
831.2042	5.74E-03
831.44291	4.83E-03
831.68163	1.76E-03
831.92035	4.03E-03
832.15909	3.39E-03
832.39783	4.51E-03
832.63659	1.17E-03
832.87535	3.86E-03
833.11412	2.45E-03
833.35289	5.48E-03
833.59168	2.33E-03
833.83047	4.06E-03
834.06928	-9.78E-04
834.30809	3.22E-03
834.5469	7.75E-04
834.78573	4.86E-03
835.02457	2.88E-03
835.26341	3.75E-03
835.50226	1.74E-03
835.74112	4.07E-03
835.97999	3.90E-03
836.21886	4.62E-03
836.45775	2.44E-03
836.69664	3.38E-03
836.93554	1.49E-03
837.17445	5.19E-03
837.41337	1.42E-03
837.65229	4.36E-03
837.89123	5.73E-04
838.13017	3.40E-03
838.36912	2.77E-03
838.60808	3.73E-03
838.84705	9.82E-04
839.08602	4.52E-03
839.325	-3.65E-04
839.56399	3.22E-03
839.80299	1.01E-03
840.042	3.45E-03
840.28102	1.86E-03
840.52004	3.39E-03
840.75907	-1.24E-04
840.99811	3.50E-03
841.23716	1.45E-03
841.47622	3.06E-03
841.71528	1.81E-03
841.95435	4.44E-03
842.19344	1.90E-03
842.43252	3.56E-03
842.67162	1.75E-03
842.91073	2.17E-03
843.14984	1.83E-03
843.38896	1.94E-03
843.62809	2.16E-03
843.86723	0.00336
844.10638	2.56E-03
844.34553	2.47E-03
844.58469	3.32E-03
844.82386	2.93E-03
845.06304	1.80E-03
845.30223	2.88E-03
845.54142	3.01E-03
845.78062	2.85E-03
846.01984	1.43E-03
846.25905	1.64E-03
846.49828	4.04E-03
846.73752	3.54E-03
846.97676	3.05E-04
847.21601	3.86E-03
847.45527	2.07E-04
847.69454	2.33E-03
847.93381	1.51E-03
848.1731	2.70E-03
848.41239	2.01E-03
848.65169	2.71E-03
848.891	2.78E-03
849.13031	1.85E-03
849.36964	-8.62E-05
849.60897	2.62E-03
849.84831	1.50E-03
850.08766	2.59E-03
850.32701	1.60E-03
850.56638	2.12E-03
850.80575	2.34E-03
851.04513	3.38E-03
851.28452	1.63E-03
851.52391	0.00192
851.76332	1.34E-03
852.00273	2.48E-03
852.24215	7.56E-04
852.48158	2.53E-03
852.72102	2.58E-04
852.96046	3.23E-03
853.19991	2.16E-03
853.43937	3.69E-03
853.67884	-3.10E-04
853.91832	1.69E-03
854.1578	4.31E-04
854.3973	1.63E-03
854.6368	1.06E-03
854.87631	2.44E-03
855.11582	2.71E-03
855.35535	2.54E-03
855.59488	3.49E-04
855.83442	3.54E-03
856.07397	9.53E-04
856.31352	2.46E-03
856.55309	1.63E-03
856.79266	-3.95E-04
857.03224	6.93E-04
857.27183	1.02E-03
857.51142	4.32E-04
857.75103	3.52E-03
857.99064	1.93E-03
858.23026	4.19E-03
858.46989	8.41E-04
858.70952	2.93E-03
858.94917	1.59E-03
859.18882	4.18E-03
859.42848	-6.19E-04
859.66815	1.59E-03
859.90782	9.27E-04
860.1475	2.53E-03
860.3872	1.71E-03
860.6269	0.00367
860.8666	1.96E-03
861.10632	0.0029
861.34604	1.84E-03
861.58577	2.85E-03
861.82551	-5.67E-05
862.06526	1.92E-03
862.30501	1.31E-03
862.54477	2.11E-03
862.78454	-2.00E-03
863.02432	2.19E-03
863.26411	9.63E-05
863.5039	1.03E-03
863.7437	3.49E-04
863.98351	3.36E-03
864.22333	-1.21E-03
864.46316	8.13E-04
864.70299	-4.44E-04
864.94283	3.15E-03
865.18268	1.40E-03
865.42254	8.27E-04
865.6624	1.92E-03
865.90227	4.72E-03
866.14215	7.75E-04
866.38204	2.10E-03
866.62194	-1.77E-04
866.86184	2.11E-03
867.10175	-1.10E-03
867.34167	2.98E-03
867.5816	-5.32E-05
867.82153	0.00218
868.06148	2.82E-04
868.30143	-3.91E-05
868.54139	-6.29E-04
868.78135	5.68E-04
869.02133	-1.17E-04
869.26131	2.91E-03
869.5013	-2.19E-03
869.74129	0.00206
869.9813	5.21E-04
870.22131	1.78E-03
870.46133	-2.75E-04
870.70136	7.41E-04
870.9414	1.56E-03
871.18144	0.00278
871.42149	-1.60E-03
871.66155	1.89E-03
871.90162	-2.43E-03
872.1417	1.83E-03
872.38178	1.06E-03
872.62187	9.94E-04
872.86197	-3.21E-03
873.10208	0.00162
873.34219	-2.29E-04
873.58231	1.56E-03
873.82244	-8.82E-04
874.06258	5.95E-03
874.30272	-6.97E-04
874.54288	2.47E-03
874.78304	-2.58E-03
875.0232	-4.75E-04
875.26338	2.35E-03
875.50356	5.01E-04
875.74375	-2.33E-03
875.98395	1.47E-03
876.22416	-1.13E-03
876.46437	1.93E-03
876.7046	-1.84E-03
876.94483	1.00E-03
877.18506	-2.13E-03
877.42531	0.00221
877.66556	-1.17E-03
877.90582	5.74E-04
878.14609	1.72E-03
878.38637	0.00344
878.62665	-4.17E-04
878.86694	0.0015
879.10724	-1.74E-03
879.34755	4.38E-04
879.58786	-1.59E-03
879.82818	6.76E-05
880.06851	-1.37E-04
880.30885	0.00378
880.54919	-1.69E-03
880.78955	-1.48E-03
881.02991	0.00247
881.27028	-3.11E-03
881.51065	1.39E-03
881.75103	-1.61E-03
881.99142	3.58E-03
882.23182	-5.12E-03
882.47223	0.00399
882.71264	-4.13E-04
882.95306	1.70E-04
883.19349	-1.08E-03
883.43393	8.76E-04
883.67437	-3.47E-03
883.91483	0.0024
884.15528	-1.07E-03
884.39575	0.00179
884.63623	-9.50E-04
884.87671	0.00449
885.1172	2.10E-04
885.35769	4.48E-03
885.5982	-1.01E-03
885.83871	3.01E-03
886.07923	2.18E-03
886.31976	1.93E-03
886.56029	-4.15E-03
886.80084	-2.98E-06
887.04139	-2.67E-03
887.28195	2.09E-03
887.52251	-2.62E-03
887.76308	-8.06E-05
888.00366	-1.08E-03
888.24425	-6.20E-03
888.48485	2.92E-04
888.72545	2.20E-03
888.96606	-3.28E-03
889.20668	8.63E-04
889.44731	-1.06E-03
889.68794	0.00134
889.92858	-6.16E-04
890.16923	-8.86E-04
890.40989	1.07E-03
890.65055	0.00182
890.89122	-2.06E-03
891.1319	-3.58E-03
891.37258	-1.78E-05
891.61328	0.00157
891.85398	-3.03E-03
892.09469	4.26E-03
892.3354	-5.93E-03
892.57613	-2.92E-04
892.81686	-2.70E-03
893.0576	2.16E-03
893.29834	-5.86E-04
893.5391	0.00104
893.77986	-8.00E-04
894.02063	-8.97E-05
894.2614	1.02E-03
894.50218	0.00264
894.74298	-3.09E-03
894.98377	-0.00337
895.22458	2.72E-03
895.46539	2.83E-03
895.70621	-3.99E-03
895.94704	0.00215
896.18788	-3.00E-03
896.42872	2.88E-04
896.66957	-9.16E-04
896.91043	0.0022
897.15129	-1.26E-03
897.39217	0.0016
897.63305	-5.04E-03
897.87393	2.36E-03
898.11483	-1.06E-03
898.35573	1.80E-03
898.59664	5.10E-05
898.83756	-0.00124
899.07848	-3.75E-03
899.31942	9.36E-04
899.56036	-2.54E-03
899.8013	0.0026
900.04226	-2.20E-03
900.28322	1.52E-03
900.52419	-2.93E-04
900.76516	-8.57E-04
901.00615	-4.22E-03
901.24714	0.00529
901.48814	-4.27E-03
901.72914	0.0014
901.97016	-1.31E-03
902.21118	-4.23E-05
902.45221	6.25E-04
902.69324	0.00105
902.93428	-1.59E-03
903.17533	8.95E-04
903.41639	-3.57E-03
903.65746	0.00225
903.89853	-3.03E-03
904.13961	8.10E-04
904.3807	2.61E-03
904.62179	-7.18E-05
904.86289	-1.56E-04
905.104	0.00203
905.34512	-4.31E-03
905.58624	0.0024
905.82737	8.68E-04
906.06851	0.00193
906.30966	3.56E-04
906.55081	0.00275
906.79197	-3.71E-03
907.03314	1.81E-03
907.27431	-3.02E-03
907.51549	2.16E-03
907.75668	-1.03E-03
907.99788	9.03E-04
908.23908	-4.03E-03
908.4803	0.00173
908.72151	-2.62E-03
908.96274	0.00444
909.20397	-5.17E-03
909.44521	-8.12E-04
909.68646	-4.38E-03
909.92772	0.00225
910.16898	-4.48E-03
910.41025	-6.82E-04
910.65153	1.39E-04
910.89281	0.0041
911.1341	1.38E-03
911.3754	-0.00147
911.61671	-2.26E-03
911.85802	-0.00223
912.09934	3.32E-03
912.34067	0.00211
912.582	-6.89E-03
912.82334	0.00571
913.06469	-2.78E-03
913.30605	7.01E-04
913.54741	-4.85E-03
913.78878	0.00499
914.03016	-2.05E-04
914.27155	0.00429
914.51294	-3.50E-03
914.75434	0.00131
914.99575	-2.14E-03
915.23716	0.00388
915.47858	3.55E-04
915.72001	0.00379
915.96145	-5.59E-03
916.20289	0.00316
916.44434	-6.47E-03
916.6858	-3.25E-03
916.92726	1.57E-04
917.16873	2.95E-03
917.41021	-3.60E-03
917.6517	6.34E-03
917.89319	-3.21E-03
918.13469	1.16E-04
918.3762	-4.47E-03
918.61771	6.33E-03
918.85924	-4.90E-03
919.10077	-1.28E-03
919.3423	-1.82E-03
919.58385	0.00491
919.8254	-1.84E-03
920.06695	3.78E-03
920.30852	-1.74E-03
920.55009	0.00301
920.79167	-3.31E-04
921.03326	8.61E-04
921.27485	-1.86E-03
921.51645	8.94E-04
921.75806	-2.27E-03
921.99967	0.00368
922.24129	-3.37E-03
922.48292	4.61E-04
922.72456	-1.86E-03
922.9662	3.53E-04
923.20785	-2.62E-03
923.44951	0.00145
923.69117	-1.52E-03
923.93284	7.08E-04
924.17452	-2.12E-04
924.41621	0.00135
924.6579	-3.59E-03
924.8996	1.87E-03
925.14131	-2.91E-03
925.38302	-1.29E-04
925.62474	-5.49E-03
925.86647	2.95E-03
926.10821	-4.87E-03
926.34995	5.58E-03
926.5917	-3.33E-03
926.83345	-0.00144
927.07522	-1.56E-03
927.31699	5.80E-03
927.55876	-5.20E-03
927.80055	4.02E-04
928.04234	-1.45E-03
928.28414	-0.00328
928.52594	3.58E-03
928.76776	0.00183
929.00958	-2.81E-03
929.2514	2.36E-03
929.49324	-3.50E-03
929.73508	-5.79E-03
929.97693	2.26E-04
930.21878	0.00129
930.46064	-6.17E-03
930.70251	2.16E-03
930.94439	-2.16E-03
931.18627	0.00268
931.42816	-4.21E-03
931.67006	0.00339
931.91196	-5.15E-04
932.15387	0.00598
932.39579	3.63E-03
932.63771	0.001
932.87964	-1.85E-03
933.12158	0.0022
933.36353	-2.66E-03
933.60548	2.04E-03
933.84744	-6.37E-03
934.08941	1.74E-03
934.33138	-0.00278
934.57336	-0.00128
934.81535	3.56E-04
935.05734	8.80E-04
935.29934	-8.56E-03
935.54135	-3.59E-04
935.78337	-7.57E-03
936.02539	1.22E-04
936.26742	-0.00219
936.50945	0.00456
936.7515	-6.76E-03
936.99355	7.00E-04
937.2356	-4.27E-03
937.47767	0.0029
937.71974	-5.45E-03
937.96181	-0.00107
938.2039	-3.50E-03
938.44599	0.00385
938.68809	-1.70E-03
938.93019	0.00183
939.1723	2.12E-03
939.41442	0.00113
939.65655	-7.01E-04
939.89868	-2.99E-04
940.14082	-1.19E-02
940.38297	0.00235
940.62512	6.22E-04
940.86728	0.01087
941.10945	-6.59E-03
941.35162	0.00243
941.5938	-4.88E-03
941.83599	0.00457
942.07818	-0.01815
942.32038	-0.00488
942.56259	-5.44E-04
942.80481	-6.71E-03
943.04703	0.00147
943.28926	-2.28E-03
943.53149	0.00247
943.77373	-3.61E-03
944.01598	0.00299
944.25824	-4.79E-03
944.5005	0.00499
944.74277	1.18E-02
944.98505	0.00184
945.22733	-5.22E-03
945.46962	0.01223
945.71192	-3.78E-03
945.95422	-0.00276
946.19653	-3.67E-03
946.43885	0.00471
946.68117	-3.23E-03
946.9235	0.00789
947.16584	-1.20E-03
947.40819	0.00623
947.65054	-2.91E-03
947.8929	4.71E-03
948.13526	-2.47E-03
948.37763	6.96E-04
948.62001	-5.32E-04
948.8624	0.01045
949.10479	3.75E-03
949.34719	6.26E-03
949.58959	-0.00301
949.832	0.00533
950.07442	-1.11E-02
950.31685	8.19E-04
950.55928	-4.83E-03
950.80172	0.00306
951.04417	-0.0011
951.28662	-0.00202
951.52908	-5.47E-03
951.77154	0.00311
952.01402	-2.73E-03
952.2565	5.71E-03
952.49898	-9.93E-03
952.74148	0.00303
952.98397	-5.55E-03
953.22648	-7.66E-04
953.46899	0.00646
953.71151	0.0062
953.95404	-4.73E-03
954.19657	0.00246
954.43911	-8.89E-03
954.68166	0.00469
954.92421	-1.40E-03
955.16677	0.00213
955.40934	-6.49E-03
955.65191	-0.00241
955.89449	-5.02E-03
956.13708	0.00657
956.37967	-0.00289
956.62227	0.00334
956.86488	-2.95E-03
957.10749	0.01452
957.35011	-3.73E-03
957.59274	-3.69E-03
957.83537	-6.49E-03
958.07801	-3.97E-04
958.32066	-8.85E-03
958.56331	0.00355
958.80597	6.79E-04
959.04864	0.00776
959.29131	-0.00488
959.53399	0.00521
959.77668	3.47E-03
960.01937	0.00673
960.26207	9.83E-04
960.50478	0.00111
960.74749	-0.01336
960.99021	0.00192
961.23294	-0.00912
961.47567	0.0103
961.71841	1.49E-05
961.96116	0.00369
962.20391	-0.00525
962.44667	0.0083
962.68943	-0.00612
962.93221	0.0152
963.17499	1.07E-04
963.41777	0.00355
963.66056	-3.22E-03
963.90336	0.00455
964.14617	-1.60E-03
964.38898	-0.00195
964.6318	-4.26E-03
964.87462	-0.00133
965.11745	2.66E-03
965.36029	0.002
965.60314	-2.93E-03
965.84599	3.14E-03
966.08885	-1.05E-02
966.33171	0.00748
966.57458	-1.12E-02
966.81746	0.0062
967.06034	-7.73E-03
967.30323	1.60E-03
967.54613	-3.71E-03
967.78903	0.00756
968.03194	-8.28E-03
968.27486	1.17E-03
968.51778	1.84E-03
968.76071	-3.46E-04
969.00365	-4.47E-03
969.24659	8.41E-03
969.48954	-1.12E-02
969.73249	0.00657
969.97546	-8.20E-03
970.21843	-0.00518
970.4614	-6.20E-03
970.70438	4.80E-03
970.94737	-3.79E-03
971.19036	1.16E-04
971.43337	-8.72E-03
971.67637	0.0029
971.91939	-2.49E-03
972.16241	0.00879
972.40543	-0.0058
972.64847	4.75E-03
972.89151	-6.52E-03
973.13455	0.00278
973.37761	-0.01216
973.62067	2.00E-03
973.86373	-9.71E-03
974.1068	0.01528
974.34988	-1.61E-03
974.59297	0.00262
974.83606	-0.0015
975.07916	5.23E-04
975.32226	-7.65E-03
975.56537	0.00294
975.80849	-0.00223
976.05161	-0.00148
976.29474	-5.12E-04
976.53788	0.00163
976.78102	-4.70E-03
977.02417	0.00263
977.26733	2.43E-04
977.51049	0.00469
977.75366	-7.49E-03
977.99683	7.11E-04
978.24001	-9.34E-03
978.4832	0.00627
978.72639	-4.80E-03
978.96959	0.00346
979.2128	3.19E-03
979.45601	0.00673
979.69923	-8.09E-03
979.94246	0.00536
980.18569	2.89E-03
980.42893	0.00892
980.67217	-2.77E-03
980.91543	0.00555
981.15868	-0.00614
981.40195	0.00572
981.64522	-2.53E-03
981.88849	0.00392
982.13178	-7.28E-03
982.37507	-4.59E-04
982.61836	-7.47E-03
982.86166	1.19E-02
983.10497	-0.01194
983.34829	0.00635
983.59161	-1.36E-02
983.83494	0.01109
984.07827	1.04E-03
984.32161	1.97E-03
984.56496	-3.34E-03
984.80831	-5.25E-03
985.05167	-1.25E-02
985.29503	4.46E-03
985.5384	-3.00E-03
985.78178	0.00973
986.02517	-0.00498
986.26856	0.00396
986.51195	-1.12E-02
986.75536	1.00E-04
986.99876	-5.62E-03
987.24218	0.00453
987.4856	-6.88E-03
987.72903	1.61E-02
987.97246	-0.00785
988.21591	0.00367
988.45935	-6.14E-03
988.7028	-0.00697
988.94626	-0.00921
989.18973	-0.00412
989.4332	9.00E-04
989.67668	0.0053
989.92016	-4.36E-03
990.16365	0.00695
990.40715	-1.60E-02
990.65065	0.00221
990.89416	-0.02011
991.13768	0.01477
991.3812	-0.00322
991.62473	0.00292
991.86826	-1.84E-02
992.1118	0.00361
992.35535	-3.41E-03
992.5989	0.00684
992.84246	-1.98E-03
993.08603	0.00973
993.3296	-8.15E-04
993.57318	0.0036
993.81676	-1.43E-02
994.06035	0.0066
994.30395	-0.00941
994.54755	0.0023
994.79116	-7.09E-03
995.03477	5.25E-03
995.27839	5.57E-03
995.52202	8.55E-03
995.76565	-1.25E-02
996.00929	-5.23E-04
996.25294	-9.20E-04
996.49659	0.00223
996.74025	-0.02917
996.98391	0.00954
997.22758	-4.98E-04
997.47126	0.00913
997.71494	-4.02E-03
997.95863	0.00392
998.20232	-9.05E-03
998.44602	0.00336
998.68973	-0.00325
998.93344	0.01076
999.17716	-9.96E-03
999.42089	0.0039
999.66462	-0.01421
999.90836	1.29E-02
1000.1521	-1.64E-02
1000.39585	0
1000.63961	0
1000.88337	0
1001.12714	0
1001.37091	0
1001.61469	0
1001.85848	0
1002.10227	0
1002.34607	0
1002.58987	0
1002.83368	0
1003.0775	0
1003.32132	0
1003.56515	0
1003.80899	0
1004.05283	0
1004.29668	0
1004.54053	0
1004.78439	0
1005.02825	0
1005.27212	0
1005.516	0
1005.75989	0
1006.00378	0
1006.24767	0
1006.49157	0
1006.73548	0
1006.97939	0
1007.22331	0
1007.46724	0
1007.71117	0
1007.95511	0
1008.19905	0
1008.443	0
1008.68696	0
1008.93092	0
1009.17489	0
1009.41886	0
1009.66284	0
1009.90682	0
1010.15082	0
1010.39481	0
1010.63882	0
1010.88283	0
1011.12684	0
1011.37086	0
1011.61489	0
1011.85892	0
1012.10296	0
1012.34701	0
1012.59106	0
1012.83512	0
1013.07918	0
1013.32325	0
1013.56732	0
1013.81141	0
1014.05549	0
1014.29959	0
1014.54368	0
1014.78779	0
1015.0319	0
1015.27602	0
1015.52014	0
1015.76427	0
1016.0084	0
1016.25254	0
1016.49669	0
1016.74084	0
1016.985	0
1017.22916	0
1017.47333	0
1017.71751	0
1017.96169	0
1018.20587	0
1018.45007	0
1018.69427	0
1018.93847	0
1019.18268	0
1019.4269	0
1019.67112	0
1019.91535	0
1020.15958	0
1020.40382	0
1020.64807	0
1020.89232	0
1021.13658	0
1021.38084	0
1021.62511	0
1021.86939	0
1022.11367	0
1022.35795	0
1022.60225	0
1022.84655	0
1023.09085	0
1023.33516	0
1023.57948	0
1023.8238	0
1024.06813	0
1024.31246	0
1024.5568	0
1024.80114	0
1025.04549	0
1025.28985	0
1025.53421	0
1025.77858	0
1026.02295	0
1026.26733	0
1026.51172	0
1026.75611	0
1027.00051	0
1027.24491	0
1027.48932	0
1027.73373	0
1027.97815	0